0 0.2525 0.7825 0.34875 0.955
0 0.29125 0.63625 0.365 0.75125
0 0.2925 0.2775 0.41 0.43375
0 0.365 0.22 0.49375 0.38625
0 0.4775 0.1625 0.61125 0.3475
0 0.49125 0.01875 0.535 0.11375
0 0.08375 0.00375 0.17375 0.12125
0 0.62875 0.15 0.71875 0.32125
0 0.61875 0.54375 0.66125 0.6425
0 0.63375 0.74 0.68375 0.8275
0 0.7825 0.63875 0.825 0.7275
0 0.83625 0.6675 0.8625 0.72875
0 0.84375 0.62 0.8775 0.645
0 0.7225 0.56125 0.77375 0.60125
0 0.695 0.415 0.7225 0.4575
0 0.7375 0.37625 0.8 0.46875
0 0.78875 0.285 0.84625 0.375
0 0.92125 0.4275 1.0 0.4975
0 0.835 0.895 0.9475 0.9975
