0 0.085 0.1225 0.125 0.16125
0 0.075 0.275 0.1025 0.31125
0 0.175 0.38125 0.20125 0.4125
0 0.14375 0.36375 0.17125 0.39375
0 0.1575 0.655 0.1875 0.6775
0 0.4175 0.4825 0.4375 0.5125
0 0.49125 0.15375 0.51375 0.1825
0 0.5325 0.3575 0.59125 0.39625
0 0.36 0.27375 0.38375 0.3
0 0.35875 0.575 0.37625 0.59875
0 0.3325 0.88875 0.3475 0.925
0 0.6825 0.35 0.705 0.38
0 0.72125 0.23875 0.75 0.27375
0 0.6175 0.10625 0.6475 0.12375
0 0.6825 0.1575 0.70125 0.18375
0 0.67625 0.11125 0.7125 0.14625
0 0.92 0.03375 0.94625 0.065
0 0.45625 0.72125 0.47 0.745
0 0.345 0.705 0.3575 0.72625
0 0.57625 0.58125 0.6075 0.60625
0 0.6275 0.3525 0.64875 0.3825
0 0.36125 0.90875 0.38875 0.92875
0 0.0825 0.875 0.0975 0.9075
0 0.09625 0.81875 0.1275 0.83625
0 0.6275 0.96625 0.6575 1.0
0 0.40625 0.03625 0.4275 0.06125
0 0.415 0.09625 0.44125 0.125
