0 0.12625 0.2525 0.15375 0.3025
0 0.15375 0.405 0.17 0.45125
0 0.19875 0.41375 0.23 0.45375
0 0.21125 0.2725 0.24625 0.35
0 0.2725 0.2725 0.28625 0.305
0 0.27375 0.1675 0.29 0.235
0 0.2975 0.32 0.34875 0.4375
0 0.28875 0.4975 0.33 0.5475
0 0.35125 0.455 0.3775 0.505
0 0.33625 0.59625 0.375 0.655
0 0.43625 0.72 0.4575 0.75875
0 0.53625 0.7075 0.56 0.7575
0 0.58 0.66375 0.62 0.7275
0 0.665 0.5825 0.7275 0.705
0 0.61125 0.525 0.66875 0.5925
0 0.77625 0.4225 0.815 0.4675
0 0.69375 0.32 0.725 0.3825
0 0.75375 0.2825 0.79625 0.355
0 0.765 0.155 0.7975 0.24375
0 0.725 0.19375 0.745 0.2525
0 0.72875 0.125 0.74875 0.16625
0 0.64875 0.0 0.6875 0.075
0 0.5775 0.0875 0.59875 0.12625
0 0.5775 0.1225 0.59875 0.18
0 0.495 0.12 0.51375 0.1625
0 0.445 0.14625 0.46375 0.2
0 0.45 0.05 0.48 0.1075
0 0.4275 0.2625 0.46 0.31375
0 0.3975 0.22375 0.4225 0.27375
0 0.42875 0.33125 0.45 0.3825
0 0.44375 0.3875 0.46875 0.4275
0 0.3675 0.30875 0.40125 0.3625
0 0.88 0.25 0.91375 0.28875
0 0.6125 0.75375 0.6475 0.8175
0 0.51375 0.7275 0.5325 0.78
0 0.34875 0.7175 0.36625 0.75125
0 0.40875 0.715 0.42 0.74625
0 0.33 0.66 0.34 0.69
0 0.315 0.135 0.335 0.17
0 0.19125 0.3525 0.2125 0.38625
0 0.5375 0.445 0.56875 0.4975
0 0.5725 0.265 0.59 0.32125
0 0.39 0.1575 0.4025 0.19125
0 0.56125 0.605 0.58375 0.65375
0 0.9075 0.3475 0.93875 0.38
0 0.58125 0.475 0.595 0.5175
0 0.5675 0.335 0.58 0.36875
0 0.7075 0.515 0.73375 0.55875
