0 0.4275 0.1825 0.4425 0.22
0 0.42125 0.27375 0.4525 0.3175
0 0.34875 0.32 0.4225 0.40125
0 0.36375 0.4275 0.395 0.47625
0 0.32875 0.4575 0.3525 0.50125
0 0.41625 0.48125 0.49625 0.585
0 0.43875 0.3725 0.49 0.44875
0 0.5125 0.29125 0.54375 0.3675
0 0.5225 0.415 0.55 0.465
0 0.56875 0.37 0.6225 0.44875
0 0.6775 0.19375 0.71125 0.2275
0 0.87875 0.31625 0.895 0.34875
0 0.785 0.70625 0.865 0.7975
0 0.6025 0.22 0.62125 0.26625
0 0.69 0.08625 0.705 0.13125
0 0.6425 0.0025 0.66375 0.0425
0 0.80625 0.435 0.815 0.45875
0 0.85875 0.52375 0.87875 0.55375
0 0.54 0.54625 0.56375 0.57375
0 0.56875 0.57375 0.59875 0.5925
