0 0.35125 0.43 0.40625 0.4825
0 0.3525 0.53875 0.37875 0.5775
0 0.31875 0.58375 0.3375 0.615
0 0.085 0.2825 0.1225 0.325
0 0.21875 0.325 0.24125 0.3525
0 0.38625 0.215 0.415 0.25
0 0.87375 0.48 0.92 0.55
0 0.69 0.4275 0.72625 0.48125
0 0.5575 0.27125 0.61125 0.31625
0 0.52 0.26625 0.55375 0.31125
0 0.5675 0.11 0.585 0.1375
0 0.11875 0.275 0.14375 0.30375
0 0.2675 0.1225 0.2925 0.16125
0 0.3025 0.135 0.33 0.1825
0 0.3225 0.16875 0.35625 0.215
0 0.35 0.14625 0.38125 0.19
0 0.3825 0.13875 0.3975 0.17625
0 0.355 0.1075 0.395 0.14375
0 0.32875 0.0675 0.36 0.1175
0 0.4175 0.0675 0.4575 0.11375
0 0.37875 0.0175 0.40875 0.07125
0 0.42125 0.00625 0.4725 0.04625
0 0.34375 0.0075 0.36625 0.04125
0 0.47125 0.5675 0.49 0.6025
0 0.59375 0.44 0.63125 0.4925
0 0.4875 0.33875 0.50625 0.3725
0 0.365 0.28375 0.38 0.315
0 0.29 0.0925 0.3125 0.12875
0 0.415 0.13125 0.4475 0.175
0 0.78625 0.405 0.805 0.44125
0 0.64625 0.3425 0.665 0.3725
0 0.7125 0.32 0.7325 0.365
0 0.6875 0.39 0.71 0.4325
0 0.58 0.23875 0.59875 0.28875
0 0.12 0.035 0.135 0.06125
0 0.01625 0.08 0.04125 0.11
0 0.49125 0.245 0.515 0.2725
0 0.815 0.295 0.83125 0.325
0 0.8375 0.27375 0.86375 0.3125
0 0.59625 0.2225 0.615 0.25625
0 0.635 0.24375 0.6575 0.27
0 0.4625 0.07 0.48125 0.11625
0 0.475 0.15875 0.495 0.1875
0 0.46 0.2075 0.47125 0.225
0 0.255 0.08875 0.26625 0.1075
0 0.24375 0.16875 0.25625 0.18875
0 0.54 0.06875 0.55375 0.0925
