0 0.4175 0.18625 0.0325 0.05
0 0.353125 0.08 0.02875 0.05
0 0.610625 0.414375 0.03375 0.05875
0 0.45375 0.4025 0.045 0.07
0 0.421875 0.338125 0.02875 0.03375
0 0.73875 0.215 0.0275 0.05
0 0.71125 0.2025 0.0225 0.035
0 0.68875 0.63125 0.0375 0.0275
0 0.65875 0.645 0.025 0.02
0 0.695625 0.605625 0.03625 0.01625
0 0.639375 0.603125 0.02875 0.03625
0 0.589375 0.598125 0.03625 0.03625
0 0.706875 0.0875 0.02125 0.035
0 0.720625 0.13375 0.01875 0.0325
0 0.63625 0.15875 0.0175 0.0325
0 0.47125 0.35625 0.015 0.0325
0 0.481875 0.35125 0.01375 0.0325
0 0.498125 0.354375 0.01125 0.01875
0 0.44375 0.305625 0.025 0.03125
0 0.556875 0.5475 0.01375 0.0275
0 0.641875 0.5575 0.03375 0.055
