0 0.03375 0.125 0.09 0.2125
0 0.0 0.20875 0.055 0.35
0 0.16875 0.16875 0.26 0.31625
0 0.28125 0.0125 0.31875 0.0775
0 0.335 0.205 0.3525 0.26
0 0.25125 0.3775 0.34625 0.5325
0 0.53625 0.25875 0.5825 0.36375
0 0.60625 0.34625 0.65375 0.475
0 0.65625 0.4125 0.69375 0.48875
0 0.68 0.20875 0.725 0.2575
0 0.51875 0.4775 0.55 0.535
0 0.2925 0.84875 0.37125 0.955
0 0.27875 0.7675 0.33625 0.8075
0 0.38375 0.3075 0.46 0.375
0 0.34625 0.27 0.37625 0.36
0 0.72375 0.295 0.7575 0.37125
0 0.73 0.23 0.75375 0.2775
0 0.46 0.075 0.48375 0.11875
