0 0.315 0.58125 0.36 0.645
0 0.4775 0.51 0.51625 0.55625
0 0.53125 0.55 0.5775 0.59625
0 0.62125 0.3525 0.6475 0.395
0 0.645 0.40125 0.6775 0.46
0 0.75625 0.47375 0.7825 0.52375
0 0.4 0.3975 0.42 0.43
0 0.4225 0.3575 0.4475 0.405
0 0.41125 0.3 0.445 0.345
0 0.39875 0.22 0.425 0.26625
0 0.37375 0.295 0.39875 0.33125
0 0.3675 0.3325 0.3975 0.3675
0 0.47125 0.4325 0.49625 0.49125
0 0.6025 0.43 0.62125 0.46125
0 0.5175 0.335 0.52625 0.3575
0 0.81875 0.36875 0.83875 0.405
0 0.675 0.61 0.68625 0.6425
0 0.68875 0.61 0.705 0.635
0 0.4325 0.0675 0.44 0.0975
0 0.58 0.38375 0.60125 0.40875
0 0.45125 0.45125 0.465 0.4725
0 0.34625 0.50625 0.3625 0.5325
