0 0.09375 0.28375 0.13625 0.3625
0 0.16 0.3425 0.195 0.4
0 0.34875 0.605 0.38125 0.6475
0 0.38625 0.55375 0.43375 0.61875
0 0.61875 0.74375 0.665 0.8175
0 0.7875 0.6775 0.84375 0.785
0 0.51875 0.395 0.56125 0.45375
0 0.5875 0.3325 0.61 0.37625
0 0.5075 0.2475 0.5575 0.3025
0 0.45875 0.2025 0.49875 0.2575
0 0.6125 0.225 0.65125 0.285
0 0.67125 0.22 0.71875 0.29
0 0.745 0.2275 0.8 0.2875
0 0.28875 0.0225 0.31625 0.0825
0 0.7875 0.3675 0.81375 0.4075
0 0.775 0.35 0.80125 0.3825
0 0.2475 0.13375 0.31125 0.18
0 0.2425 0.0825 0.28875 0.13
0 0.88875 0.2275 0.92 0.2675
0 0.7025 0.12125 0.73625 0.1625
0 0.72375 0.0125 0.73875 0.0525
0 0.0775 0.4125 0.09875 0.45
0 0.53125 0.505 0.56125 0.545
0 0.37 0.39 0.395 0.43625
0 0.39375 0.1775 0.4075 0.2125
0 0.3575 0.1225 0.37125 0.15125
0 0.45875 0.09 0.475 0.13125
0 0.44375 0.08 0.465 0.10125
0 0.20125 0.02125 0.22 0.05875
0 0.89875 0.32625 0.91625 0.35
0 0.91625 0.31375 0.94 0.355
0 0.61125 0.03 0.63 0.07125
