0 0.09125 0.39 0.12125 0.42875
0 0.20875 0.43 0.23 0.465
0 0.2175 0.635 0.24625 0.66375
0 0.2125 0.7525 0.24875 0.8025
0 0.49875 0.5375 0.52875 0.58
0 0.49 0.4875 0.515 0.535
0 0.55875 0.48 0.5825 0.51875
0 0.77375 0.50875 0.79125 0.5425
0 0.90375 0.405 0.9275 0.43625
0 0.68875 0.3775 0.715 0.4225
0 0.42625 0.5225 0.4375 0.55
0 0.44 0.53375 0.4575 0.56
0 0.6525 0.6825 0.66875 0.7075
0 0.6575 0.565 0.67625 0.6025
0 0.8375 0.83 0.8825 0.875
0 0.8175 0.50125 0.84625 0.54
0 0.12 0.4025 0.13875 0.43375
0 0.22 0.46 0.24125 0.49375
