0 0.12875 0.59 0.165 0.66
0 0.2125 0.56 0.2625 0.6225
0 0.18125 0.58125 0.2125 0.6375
0 0.085 0.63875 0.26875 0.8
0 0.21125 0.8125 0.28625 0.89
0 0.315 0.69875 0.43875 0.9125
0 0.2825 0.5825 0.3875 0.6725
0 0.3675 0.545 0.39 0.58875
0 0.39375 0.55 0.4375 0.6275
0 0.3675 0.41375 0.42875 0.48125
0 0.515 0.42625 0.53625 0.4725
0 0.53875 0.4925 0.56375 0.53
0 0.54875 0.585 0.6325 0.665
0 0.7025 0.6275 0.7425 0.6725
0 0.76375 0.5125 0.81 0.57125
0 0.6675 0.40125 0.72 0.46125
0 0.5475 0.41875 0.6475 0.48625
0 0.54875 0.2925 0.6775 0.3925
0 0.46 0.315 0.48125 0.3525
0 0.56125 0.245 0.58875 0.285
0 0.64 0.075 0.68125 0.14
0 0.42125 0.0275 0.4625 0.09625
0 0.37625 0.06125 0.4025 0.1
0 0.295 0.1275 0.31625 0.18
0 0.325 0.36 0.3725 0.4275
0 0.59375 0.1575 0.615 0.1925
0 0.36125 0.1525 0.3775 0.19375
0 0.40125 0.10625 0.4275 0.16
0 0.52875 0.19 0.555 0.21625
0 0.4675 0.045 0.49375 0.1
0 0.3325 0.0625 0.35125 0.11
