0 0.6625 0.215 0.6975 0.27875
0 0.8575 0.2725 0.88625 0.3325
0 0.9325 0.2675 0.9875 0.33125
0 0.9375 0.3475 0.9825 0.41875
0 0.66625 0.575 0.7225 0.665
0 0.6125 0.56375 0.65875 0.63875
0 0.33125 0.44 0.39625 0.5225
0 0.38625 0.51875 0.495 0.61625
0 0.395 0.415 0.43625 0.4875
0 0.26875 0.34125 0.3 0.4125
0 0.18625 0.4225 0.2325 0.49875
0 0.19125 0.5325 0.255 0.625
0 0.0725 0.43875 0.10375 0.505
0 0.0375 0.32875 0.085 0.4
0 0.29875 0.65375 0.34375 0.7675
0 0.8075 0.86375 0.8375 0.92125
0 0.165 0.24 0.18625 0.295
0 0.45125 0.6675 0.49875 0.73
0 0.30875 0.40375 0.3275 0.4375
0 0.3025 0.365 0.3175 0.39625
