0 0.28375 0.3675 0.34125 0.42875
0 0.32375 0.42125 0.3875 0.51625
0 0.38125 0.37875 0.4425 0.465
0 0.3675 0.3225 0.40125 0.37625
0 0.41125 0.3175 0.4875 0.42125
0 0.485 0.25625 0.5875 0.3725
0 0.5075 0.38625 0.5425 0.44125
0 0.48125 0.45625 0.55 0.535
0 0.55625 0.4225 0.62875 0.5175
0 0.58875 0.3725 0.6425 0.445
0 0.64875 0.3575 0.69875 0.4475
0 0.7125 0.22 0.73625 0.2625
0 0.65375 0.4725 0.68375 0.55375
0 0.74625 0.5025 0.81125 0.5675
0 0.805 0.37 0.84875 0.445
0 0.7125 0.51125 0.73625 0.545
0 0.82125 0.5675 0.85625 0.595
0 0.86875 0.5425 0.905 0.58875
0 0.22125 0.45125 0.25875 0.49625
