0 0.655 0.55375 0.7775 0.745
0 0.745 0.44375 0.805 0.52
0 0.88125 0.385 0.9375 0.48375
0 0.6325 0.33125 0.65375 0.3975
0 0.48125 0.1025 0.51625 0.17625
0 0.31625 0.275 0.3575 0.3675
0 0.4875 0.3025 0.55875 0.41375
0 0.28875 0.3975 0.365 0.4725
0 0.2325 0.54 0.3125 0.645
0 0.19125 0.66125 0.26 0.74875
0 0.0525 0.495 0.12125 0.61
0 0.50625 0.84875 0.55875 0.91625
0 0.31625 0.47 0.39375 0.54875
0 0.4775 0.41375 0.5225 0.4825
0 0.375 0.01375 0.39125 0.0575
0 0.3175 0.0525 0.3275 0.0925
0 0.33 0.0625 0.3425 0.09125
0 0.12625 0.2275 0.15 0.2775
0 0.695 0.40875 0.74 0.485
0 0.765 0.3 0.7825 0.3425
