0 0.51 0.1475 0.555 0.21
0 0.59125 0.075 0.6225 0.1775
0 0.63875 0.1575 0.68 0.22
0 0.67 0.105 0.7275 0.17625
0 0.69375 0.15375 0.72125 0.215
0 0.70625 0.23375 0.7625 0.37875
0 0.745 0.29 0.80625 0.37375
0 0.81125 0.3325 0.84375 0.415
0 0.89375 0.3 0.985 0.37625
0 0.83625 0.1225 0.93625 0.20375
0 0.83125 0.04125 0.8725 0.125
0 0.20125 0.37625 0.23375 0.4125
0 0.765 0.48 0.82625 0.5325
0 0.44625 0.655 0.47 0.70375
0 0.3025 0.3825 0.32875 0.44
0 0.365 0.25875 0.38875 0.30375
0 0.39625 0.2375 0.4275 0.3175
0 0.935 0.2275 1.0 0.28875
