0 0.07 0.18625 0.145 0.33625
0 0.135 0.17125 0.15125 0.19125
0 0.15625 0.14875 0.19 0.22
0 0.1975 0.1825 0.21875 0.235
0 0.205 0.11875 0.225 0.16125
0 0.13125 0.11125 0.19 0.14
0 0.15875 0.0325 0.195 0.08875
0 0.185 0.01625 0.2425 0.0775
0 0.3925 0.155 0.43625 0.2525
0 0.41875 0.12 0.43875 0.165
0 0.29 0.20875 0.32125 0.27
0 0.3325 0.40625 0.365 0.47125
0 0.4 0.45875 0.44 0.515
0 0.39 0.37875 0.40875 0.41375
0 0.4125 0.41 0.43375 0.45625
0 0.40375 0.305 0.445 0.38625
0 0.4625 0.2975 0.5 0.34125
0 0.48125 0.3725 0.53125 0.46125
0 0.5725 0.53125 0.595 0.585
0 0.46875 0.7175 0.51375 0.75375
0 0.41625 0.66625 0.44375 0.73375
0 0.71 0.5175 0.7525 0.5525
0 0.6725 0.81625 0.68625 0.85125
0 0.69 0.84125 0.71 0.905
0 0.73125 0.84 0.75875 0.86875
0 0.7125 0.00375 0.7425 0.06
0 0.65875 0.12125 0.68 0.17125
0 0.63 0.0025 0.67125 0.045
0 0.76875 0.34 0.8 0.38
0 0.71875 0.375 0.75375 0.4225
0 0.6925 0.3175 0.72625 0.3725
0 0.6775 0.2675 0.7175 0.295
0 0.75375 0.2325 0.77875 0.27875
0 0.7675 0.27875 0.79375 0.32125
0 0.78125 0.4575 0.845 0.54125
0 0.84375 0.5275 0.86875 0.56375
0 0.81875 0.4325 0.84125 0.47
0 0.83 0.74625 0.85 0.7825
0 0.76125 0.94125 0.795 0.98875
0 0.74125 0.87 0.7825 0.92125
0 0.95 0.0925 0.965 0.12
