0 0.02 0.21 0.075 0.3
0 0.0275 0.1125 0.06875 0.1775
0 0.1175 0.055 0.15 0.1075
0 0.19 0.3375 0.23875 0.40375
0 0.3725 0.365 0.40625 0.4525
0 0.34625 0.68 0.41375 0.77
0 0.48125 0.8575 0.51125 0.9025
0 0.57875 0.91875 0.625 0.97875
0 0.42625 0.97 0.44875 1.0
0 0.27375 0.72625 0.3025 0.76375
0 0.5625 0.40125 0.59875 0.455
0 0.52875 0.26875 0.57 0.31
0 0.58625 0.2925 0.63375 0.36
0 0.65875 0.1475 0.68 0.1775
0 0.68625 0.19625 0.7 0.24375
0 0.82875 0.3 0.87125 0.3525
0 0.895 0.24 0.92875 0.3425
0 0.68375 0.48125 0.71375 0.52125
0 0.60375 0.555 0.62375 0.57875
