0 0.4975 0.03375 0.53125 0.10125
0 0.225 0.2525 0.29625 0.3475
0 0.29 0.20875 0.325 0.25375
0 0.1125 0.485 0.15625 0.52125
0 0.0875 0.08 0.12125 0.13125
0 0.13 0.1575 0.16125 0.2025
0 0.095 0.17875 0.12875 0.20625
0 0.54375 0.72125 0.58625 0.7875
0 0.35 0.89125 0.42 0.9275
0 0.375 0.96125 0.395 0.98875
0 0.66625 0.4575 0.6825 0.50625
0 0.63125 0.425 0.64625 0.45375
0 0.5375 0.56375 0.56125 0.6075
0 0.64 0.2525 0.6625 0.29875
0 0.01125 0.4225 0.03625 0.4525
0 0.2175 0.35375 0.245 0.395
0 0.63125 0.81125 0.65 0.8475
0 0.75625 0.235 0.78 0.27
0 0.0875 0.35375 0.10625 0.40375
0 0.13375 0.23375 0.145 0.26125
0 0.1 0.27 0.125 0.3
0 0.0 0.28125 0.03375 0.3225
