0 0.4275 0.6875 0.4525 0.72125
0 0.375 0.6625 0.39625 0.69
0 0.425 0.93125 0.4575 0.97125
0 0.54125 0.78625 0.57125 0.83625
0 0.4625 0.6075 0.48625 0.6325
0 0.48 0.54625 0.51625 0.58625
0 0.50875 0.4525 0.55125 0.49375
0 0.57375 0.42375 0.615 0.45625
0 0.6675 0.49625 0.68125 0.5225
0 0.885 0.32875 0.9125 0.35625
0 0.80375 0.5075 0.83625 0.52875
0 0.49375 0.4125 0.5075 0.435
0 0.44875 0.30125 0.46875 0.3275
0 0.3875 0.45125 0.405 0.47125
0 0.38625 0.39625 0.405 0.4225
0 0.3225 0.4925 0.34125 0.50625
0 0.325 0.2925 0.36125 0.3175
0 0.58125 0.29375 0.62875 0.32625
0 0.1525 0.06 0.185 0.09625
0 0.11375 0.1075 0.16125 0.155
0 0.03 0.09875 0.06875 0.14375
0 0.065 0.08125 0.1 0.12
0 0.0 0.065 0.0275 0.11
