0 0.42125 0.50375 0.45375 0.53125
0 0.42625 0.53625 0.4625 0.5675
0 0.2875 0.69375 0.30875 0.73125
0 0.21125 0.62875 0.24375 0.6675
0 0.23875 0.55375 0.2625 0.5825
0 0.17375 0.5525 0.1975 0.58
0 0.15625 0.45375 0.1775 0.47625
0 0.1075 0.4025 0.13125 0.4225
0 0.04625 0.2925 0.07 0.3175
0 0.025 0.32125 0.07 0.34625
0 0.64375 0.4175 0.6875 0.45625
0 0.71375 0.49125 0.73375 0.52125
0 0.89125 0.71125 0.915 0.75875
0 0.88375 0.78125 0.90375 0.8125
0 0.95625 0.86125 0.995 0.905
0 0.94375 0.9325 0.9975 0.97625
0 0.82625 0.97625 0.85 0.9975
0 0.63 0.91625 0.67875 0.96
0 0.5525 0.88125 0.5875 0.90875
0 0.48125 0.89 0.51 0.92
0 0.7175 0.3575 0.79625 0.41125
0 0.81625 0.20375 0.84375 0.24
0 0.91875 0.13875 0.9825 0.19375
0 0.7125 0.22 0.73375 0.2475
0 0.7125 0.60375 0.75 0.63875
0 0.74375 0.5725 0.78375 0.595
0 0.76625 0.54125 0.785 0.555
0 0.88125 0.39375 0.9 0.425
0 0.8325 0.0725 0.8625 0.1125
