0 0.41375 0.805 0.44375 0.845
0 0.46875 0.835 0.495 0.85125
0 0.55375 0.71875 0.58625 0.77
0 0.5225 0.62125 0.5875 0.6525
0 0.67125 0.5425 0.7325 0.58625
0 0.6875 0.5075 0.71 0.525
0 0.85375 0.9175 0.87375 0.96
0 0.8425 0.8 0.9 0.83875
0 0.8725 0.68125 0.90125 0.71375
0 0.85125 0.73875 0.86875 0.765
0 0.8725 0.59375 0.89125 0.635
0 0.935 0.5875 0.9675 0.6275
0 0.79375 0.42125 0.82125 0.4475
0 0.85 0.41875 0.8675 0.445
0 0.8625 0.40125 0.885 0.4225
0 0.8875 0.30375 0.9 0.32875
0 0.78875 0.31375 0.8175 0.33375
0 0.63125 0.37 0.65 0.40375
0 0.63625 0.34 0.66125 0.37
0 0.695 0.32 0.71375 0.36125
0 0.60125 0.345 0.6125 0.37125
0 0.56625 0.3425 0.575 0.36875
0 0.45 0.25625 0.4825 0.27125
0 0.46875 0.19625 0.495 0.2175
0 0.4775 0.46375 0.5 0.47875
0 0.50375 0.47 0.5275 0.48875
0 0.3375 0.295 0.3475 0.31125
0 0.34 0.32875 0.36125 0.34625
0 0.20875 0.11375 0.26 0.17
0 0.0725 0.1875 0.1125 0.2275
0 0.42 0.07 0.43625 0.0975
0 0.46375 0.06 0.48375 0.0825
0 0.43 0.01 0.445 0.0325
0 0.49625 0.01375 0.52 0.065
0 0.5525 0.115 0.57875 0.15125
0 0.58625 0.1525 0.615 0.1775
0 0.61625 0.0875 0.64875 0.1325
0 0.68625 0.15625 0.69875 0.1925
0 0.64625 0.16 0.67125 0.19
0 0.665 0.1325 0.68 0.1575
0 0.745 0.17375 0.7775 0.2225
0 0.34625 0.115 0.37 0.18
0 0.00875 0.495 0.03125 0.5175
0 0.01 0.34875 0.04375 0.3775
0 0.465 0.34625 0.49125 0.36625
0 0.57 0.8825 0.5925 0.925
0 0.33375 0.7975 0.36 0.8275
0 0.44 0.575 0.45 0.59
0 0.71625 0.10875 0.73375 0.13875
0 0.69375 0.08125 0.71125 0.1025
