0 0.06375 0.125 0.095 0.16
0 0.2825 0.53125 0.355 0.58
0 0.38125 0.525 0.40625 0.56375
0 0.31375 0.5 0.34125 0.52125
0 0.30125 0.43 0.35875 0.495
0 0.305 0.36 0.325 0.385
0 0.325 0.3975 0.3375 0.415
0 0.39875 0.29 0.43375 0.32
0 0.45375 0.24125 0.51625 0.28625
0 0.4625 0.3075 0.48125 0.33125
0 0.5 0.2825 0.52375 0.32
0 0.40875 0.235 0.425 0.2725
0 0.415 0.35 0.44375 0.41375
0 0.40375 0.44 0.47875 0.46125
0 0.52 0.515 0.54125 0.56125
0 0.5925 0.58 0.605 0.61
0 0.62 0.5975 0.64625 0.625
0 0.68875 0.5925 0.72375 0.64
0 0.65 0.35625 0.68 0.395
0 0.63875 0.285 0.69 0.3325
0 0.72125 0.2225 0.7375 0.26
0 0.7375 0.2475 0.7575 0.30375
0 0.695 0.28125 0.725 0.31125
0 0.7925 0.56875 0.84 0.60625
0 0.69875 0.7325 0.7425 0.76
0 0.66625 0.6875 0.685 0.71
0 0.2 0.925 0.23125 0.95
