0 0.24875 0.45 0.30375 0.50875
0 0.26375 0.51375 0.29125 0.5425
0 0.11125 0.78875 0.15 0.8675
0 0.12 0.95625 0.16875 1.0
0 0.60375 0.92625 0.6375 0.96625
0 0.625 0.86 0.63875 0.875
0 0.62625 0.72125 0.67375 0.79
0 0.4325 0.7025 0.45625 0.745
0 0.41125 0.65125 0.44 0.6775
0 0.45875 0.6275 0.4875 0.67125
0 0.5175 0.64625 0.56375 0.6925
0 0.555 0.615 0.57125 0.65
0 0.58625 0.6575 0.63375 0.71875
0 0.62375 0.63375 0.6525 0.70625
0 0.6375 0.595 0.6925 0.6325
0 0.7875 0.73625 0.81875 0.7725
0 0.85625 0.8375 0.89875 0.88125
0 0.70625 0.41625 0.80125 0.48875
0 0.805 0.3925 0.9 0.445
0 0.91625 0.53625 0.94625 0.5825
0 0.835 0.6125 0.86875 0.64625
0 0.505 0.5325 0.55125 0.5625
0 0.44625 0.53875 0.48875 0.5625
0 0.39375 0.52 0.4125 0.55375
0 0.3125 0.43875 0.3375 0.50875
0 0.355 0.47125 0.39375 0.51
0 0.39875 0.40625 0.40875 0.44
0 0.39125 0.35 0.4525 0.40375
0 0.48125 0.4175 0.54125 0.48125
0 0.53 0.325 0.55 0.37125
0 0.55 0.33 0.56 0.3525
0 0.555 0.3725 0.5675 0.38875
0 0.565 0.335 0.58875 0.37
0 0.53375 0.26125 0.57375 0.29875
0 0.475 0.3075 0.5075 0.3475
0 0.45 0.25375 0.48125 0.2975
