0 0.3175 0.54625 0.33875 0.60625
0 0.37375 0.67 0.4 0.71375
0 0.3775 0.73625 0.40625 0.7675
0 0.56625 0.86625 0.6125 0.9325
0 0.66125 0.7025 0.6825 0.73875
0 0.6825 0.7575 0.7025 0.80375
0 0.7475 0.73625 0.79 0.7675
0 0.83875 0.83375 0.87875 0.87625
0 0.8725 0.57875 0.90625 0.62
0 0.91375 0.36125 0.9425 0.4275
0 0.765 0.2975 0.78875 0.35375
0 0.6575 0.49 0.67875 0.52125
0 0.71 0.33875 0.7225 0.36
0 0.585 0.19125 0.62375 0.2475
0 0.59375 0.25125 0.6425 0.2975
0 0.665 0.1025 0.70125 0.17125
0 0.39625 0.28625 0.4125 0.3325
0 0.52375 0.445 0.54625 0.4725
0 0.48 0.48625 0.4975 0.53125
0 0.325 0.30625 0.35375 0.33375
0 0.0425 0.625 0.06625 0.66125
0 0.13375 0.9425 0.195 0.9975
0 0.40625 0.56125 0.43 0.595
0 0.04 0.455 0.0625 0.47375
0 0.5825 0.0 0.60125 0.02875
