0 0.37875 0.5475 0.40375 0.6075
0 0.34375 0.46125 0.365 0.50875
0 0.1 0.685 0.12125 0.71875
0 0.12625 0.595 0.1375 0.62375
0 0.1725 0.8175 0.19 0.83625
0 0.43375 0.925 0.47125 0.97
0 0.5675 0.825 0.58125 0.8525
0 0.705 0.495 0.72375 0.525
0 0.7225 0.5625 0.7375 0.58875
0 0.66 0.57875 0.675 0.5975
0 0.46875 0.2525 0.5025 0.3075
0 0.6575 0.22125 0.68875 0.265
0 0.66125 0.1875 0.67875 0.22125
0 0.62625 0.245 0.63875 0.2775
0 0.1475 0.285 0.18875 0.3575
0 0.0375 0.10375 0.06125 0.13125
0 0.545 0.35 0.56 0.38625
0 0.5725 0.35 0.5875 0.3675
0 0.58375 0.33125 0.6 0.35625
0 0.30625 0.3 0.3275 0.33625
0 0.31875 0.2775 0.3475 0.335
0 0.34375 0.0975 0.36125 0.1575
