0 0.23375 0.90125 0.2675 0.94125
0 0.175 0.935 0.19375 0.9575
0 0.1875 0.64 0.21 0.675
0 0.0475 0.595 0.0825 0.6325
0 0.26625 0.34125 0.285 0.3825
0 0.4375 0.58375 0.46625 0.62
0 0.44375 0.525 0.47375 0.5625
0 0.4275 0.03125 0.44 0.0675
0 0.39625 0.0175 0.415 0.0425
0 0.3825 0.0375 0.3925 0.0625
0 0.74625 0.89 0.76625 0.9275
0 0.925 0.28 0.94375 0.31375
0 0.25375 0.4425 0.28625 0.4725
0 0.04125 0.2925 0.06875 0.325
0 0.1275 0.76125 0.165 0.81125
0 0.175 0.8525 0.2075 0.89625
0 0.44625 0.38625 0.47125 0.4275
0 0.46875 0.335 0.48125 0.38125
0 0.66375 0.7525 0.69375 0.79
0 0.15375 0.05375 0.16875 0.0925
0 0.0825 0.0 0.11625 0.025
