0 0.3225 0.3675 0.35625 0.3975
0 0.4725 0.30625 0.49875 0.36875
0 0.31125 0.5025 0.33 0.5575
0 0.2925 0.23375 0.31375 0.265
0 0.4125 0.2575 0.43375 0.2925
0 0.66375 0.1925 0.67625 0.235
0 0.89375 0.90125 0.92375 0.93875
0 0.60625 0.92375 0.625 0.95375
0 0.60375 0.845 0.62625 0.8775
0 0.18875 0.81375 0.205 0.83875
0 0.825 0.195 0.84125 0.225
0 0.56875 0.7125 0.59 0.7525
0 0.7925 0.44 0.81125 0.47125
0 0.8325 0.475 0.8475 0.50375
0 0.78625 0.49625 0.80125 0.53125
0 0.28875 0.60625 0.33125 0.645
0 0.325 0.565 0.34125 0.605
0 0.50625 0.6525 0.54625 0.69625
0 0.40375 0.83125 0.4175 0.86
0 0.4275 0.85125 0.445 0.87625
0 0.7075 0.5725 0.7275 0.6
0 0.73 0.635 0.7425 0.6575
0 0.73375 0.92125 0.765 0.98125
