0 0.5625 0.83625 0.58 0.87
0 0.32125 0.67625 0.35125 0.71375
0 0.30875 0.71125 0.3325 0.75125
0 0.36375 0.85625 0.37875 0.885
0 0.09 0.8125 0.11125 0.8325
0 0.0 0.88625 0.025 0.9175
0 0.12 0.5475 0.17 0.59125
0 0.16125 0.50125 0.18125 0.53625
0 0.0925 0.5125 0.12875 0.53625
0 0.28875 0.47875 0.315 0.5275
0 0.3125 0.42 0.33 0.44375
0 0.575 0.40875 0.60375 0.4425
0 0.635 0.41875 0.66875 0.46
0 0.65375 0.3725 0.66375 0.3975
0 0.55625 0.48875 0.60875 0.51375
0 0.7775 0.60125 0.80375 0.62125
0 0.86375 0.7825 0.88875 0.815
0 0.80875 0.93125 0.845 0.9575
0 0.825 0.47125 0.8375 0.49375
0 0.18375 0.39625 0.21125 0.43125
0 0.17125 0.33375 0.19875 0.37
0 0.24125 0.16625 0.2575 0.20625
0 0.26375 0.1675 0.2875 0.2
0 0.27375 0.19125 0.31125 0.22875
0 0.35 0.17 0.3675 0.19625
0 0.3775 0.2275 0.38875 0.25125
0 0.39875 0.20375 0.41 0.2275
0 0.34125 0.285 0.36875 0.30625
0 0.32625 0.1225 0.34625 0.14625
0 0.3125 0.09875 0.31875 0.11875
0 0.2325 0.08875 0.24875 0.115
0 0.565 0.12 0.57875 0.14625
0 0.59625 0.14875 0.63625 0.19125
0 0.62875 0.07125 0.6675 0.11625
0 0.6775 0.08375 0.6975 0.12
0 0.68875 0.0175 0.71375 0.04625
0 0.5 0.4325 0.51875 0.45375
0 0.56 0.36375 0.57875 0.385
0 0.58875 0.36 0.61125 0.38125
0 0.62125 0.43875 0.635 0.455
0 0.62 0.475 0.63625 0.49625
0 0.635 0.5325 0.64875 0.54625
0 0.245 0.485 0.26125 0.51125
0 0.14375 0.63375 0.15625 0.65375
