0 0.625 0.47125 0.6475 0.5275
0 0.63125 0.26375 0.6525 0.3325
0 0.67 0.27875 0.695 0.315
0 0.6825 0.2325 0.695 0.2675
0 0.765 0.24375 0.7875 0.2825
0 0.8225 0.3125 0.835 0.34375
0 0.85125 0.07125 0.89 0.14625
0 0.55875 0.24125 0.575 0.295
0 0.56625 0.19625 0.59875 0.225
0 0.275 0.5425 0.31625 0.595
0 0.16375 0.365 0.19125 0.39375
0 0.03625 0.2475 0.0625 0.27875
0 0.4 0.33625 0.41625 0.39375
0 0.4025 0.405 0.42375 0.4475
0 0.56 0.4825 0.57375 0.4925
0 0.575 0.39 0.58375 0.41375
0 0.59125 0.25375 0.61375 0.2725
0 0.24875 0.0 0.2875 0.06125
