0 0.1 0.21 0.11375 0.2275
0 0.15875 0.135 0.17625 0.1575
0 0.23625 0.16375 0.245 0.18125
0 0.2625 0.1475 0.28 0.165
0 0.29375 0.10125 0.31125 0.135
0 0.335 0.1425 0.3475 0.165
0 0.27875 0.23875 0.29875 0.275
0 0.1875 0.26875 0.20125 0.29
0 0.29875 0.47 0.3375 0.52
0 0.3575 0.68125 0.3725 0.72375
0 0.38125 0.875 0.395 0.9075
0 0.60125 0.6725 0.62625 0.70375
0 0.585 0.57125 0.60125 0.59625
0 0.55 0.4775 0.56375 0.5
0 0.535 0.38375 0.54625 0.41375
0 0.57125 0.385 0.5825 0.41125
0 0.595 0.40375 0.61375 0.4275
0 0.67625 0.285 0.68625 0.3075
0 0.675 0.23875 0.6925 0.2675
0 0.61625 0.24125 0.625 0.25875
0 0.62625 0.2725 0.6375 0.29375
0 0.54375 0.2225 0.555 0.2625
0 0.48125 0.23875 0.4925 0.2525
0 0.48375 0.28125 0.49125 0.295
0 0.53 0.23625 0.54 0.26125
0 0.5875 0.22 0.60625 0.24625
0 0.38625 0.18625 0.40375 0.20875
0 0.35 0.2225 0.3575 0.2475
0 0.3525 0.2675 0.36625 0.28625
0 0.39375 0.5425 0.41125 0.57875
0 0.935 0.5 0.97625 0.56625
0 0.9725 0.16125 0.99875 0.185
