0 0.2725 0.93 0.29375 0.965
0 0.20875 0.9175 0.2275 0.93875
0 0.155 0.7175 0.175 0.75625
0 0.335 0.545 0.35 0.57375
0 0.3125 0.4125 0.32125 0.4325
0 0.275 0.35625 0.3 0.38375
0 0.115 0.3025 0.12875 0.34
0 0.76 0.335 0.775 0.3825
0 0.62 0.51875 0.63375 0.54625
0 0.58125 0.625 0.5975 0.665
0 0.4075 0.0525 0.4225 0.08375
0 0.51125 0.0325 0.52875 0.06625
0 0.6525 0.165 0.6675 0.19125
0 0.62 0.2725 0.63125 0.29
0 0.51375 0.27875 0.52625 0.305
0 0.5325 0.21125 0.54375 0.2325
0 0.44375 0.18 0.45625 0.20625
0 0.35875 0.20625 0.37625 0.23125
0 0.28 0.47375 0.2975 0.49375
0 0.1725 0.40375 0.1825 0.4175
0 0.20625 0.27625 0.22375 0.31
0 0.16125 0.3025 0.18375 0.32125
0 0.79875 0.45625 0.81125 0.48
0 0.8825 0.4325 0.89875 0.45625
