0 0.0 0.4575 0.07625 0.48875
0 0.0 0.5075 0.0525 0.55
0 0.07125 0.7475 0.105 0.7925
0 0.15875 0.77375 0.22875 0.8425
0 0.295 0.73 0.34375 0.7875
0 0.3675 0.65 0.3975 0.6725
0 0.5875 0.7125 0.6325 0.76375
0 0.55875 0.8 0.575 0.8325
0 0.81 0.62375 0.85 0.7025
0 0.8725 0.62625 0.995 0.69375
0 0.7225 0.79875 0.785 0.8475
0 0.79625 0.79 0.84875 0.83125
0 0.81625 0.2925 0.85625 0.32125
0 0.86375 0.275 0.89375 0.33875
0 0.9025 0.3075 0.95625 0.345
0 0.82125 0.22 0.85 0.255
0 0.68875 0.3025 0.77125 0.3675
0 0.71625 0.38875 0.775 0.4425
0 0.52 0.29125 0.55375 0.32
0 0.6725 0.0825 0.70625 0.13875
0 0.925 0.0125 0.96875 0.06875
0 0.19375 0.19 0.26375 0.2675
0 0.4075 0.49 0.42375 0.52
