0 0.5025 0.01375 0.5325 0.07375
0 0.42625 0.2175 0.47125 0.26
0 0.26875 0.295 0.30125 0.3325
0 0.20625 0.36 0.25 0.4025
0 0.20875 0.545 0.23875 0.58625
0 0.25375 0.52875 0.27875 0.58375
0 0.365 0.535 0.40625 0.58125
0 0.325 0.57625 0.38125 0.6575
0 0.26875 0.75125 0.295 0.79375
0 0.1425 0.64875 0.16875 0.675
0 0.1125 0.55625 0.155 0.595
0 0.19375 0.595 0.22875 0.62
0 0.23625 0.59125 0.28125 0.63125
0 0.5 0.5225 0.5375 0.57
0 0.47125 0.48 0.50625 0.51375
0 0.44625 0.52 0.4675 0.54875
0 0.68125 0.57875 0.71 0.62
0 0.65 0.4775 0.69125 0.49875
0 0.76625 0.44625 0.8125 0.475
0 0.75375 0.49125 0.775 0.5175
0 0.77375 0.47625 0.795 0.51125
0 0.76625 0.5125 0.79875 0.5325
0 0.70875 0.5425 0.7275 0.5725
0 0.6675 0.5375 0.68 0.56
0 0.46125 0.1225 0.48 0.14625
0 0.49125 0.1225 0.50875 0.14
0 0.11875 0.3475 0.13625 0.3675
0 0.05125 0.2525 0.07375 0.27875
0 0.50375 0.67375 0.51875 0.6925
0 0.545 0.4775 0.5675 0.52375
0 0.46875 0.25375 0.4925 0.275
0 0.46375 0.17875 0.4925 0.24125
0 0.52375 0.05125 0.55 0.08125
