0 0.23375 0.7075 0.26125 0.75375
0 0.19875 0.44 0.22625 0.50375
0 0.25125 0.44 0.29125 0.4975
0 0.36875 0.36 0.38875 0.4075
0 0.2675 0.545 0.32375 0.61
0 0.275 0.62625 0.33125 0.72875
0 0.36875 0.53625 0.38375 0.5675
0 0.39375 0.52 0.4275 0.56125
0 0.4125 0.5525 0.43875 0.61
0 0.43125 0.59625 0.4575 0.6575
0 0.51625 0.725 0.5275 0.74875
0 0.545 0.77625 0.5725 0.81125
0 0.58 0.79 0.60125 0.81
0 0.6175 0.79625 0.645 0.835
0 0.75625 0.73625 0.775 0.8025
0 0.72375 0.65125 0.74 0.7125
0 0.6825 0.5875 0.7 0.6425
0 0.665 0.51625 0.7025 0.56375
0 0.77 0.1525 0.79 0.20375
0 0.89625 0.3525 0.9075 0.38875
0 0.8275 0.4475 0.8475 0.50125
0 0.82125 0.57125 0.845 0.63
0 0.685 0.3 0.7125 0.38625
0 0.76375 0.31 0.78125 0.33375
0 0.51125 0.435 0.535 0.5075
0 0.50625 0.3925 0.52 0.42
0 0.54375 0.47125 0.57625 0.5275
0 0.5525 0.445 0.56375 0.465
0 0.6025 0.4375 0.62875 0.475
0 0.58125 0.485 0.595 0.50625
0 0.3125 0.82125 0.4 0.95125
0 0.8675 0.12125 0.8875 0.17125
0 0.5975 0.96125 0.61875 0.99875
