0 0.53125 0.8725 0.57625 0.93625
0 0.69 0.615 0.73375 0.69625
0 0.70375 0.42625 0.74875 0.47875
0 0.81125 0.37 0.85 0.41375
0 0.825 0.09 0.86875 0.175
0 0.5825 0.29375 0.625 0.37
0 0.5275 0.35625 0.55 0.41125
0 0.44875 0.3025 0.4925 0.345
0 0.42375 0.2525 0.43875 0.2725
0 0.16125 0.26875 0.215 0.33625
0 0.23375 0.0975 0.275 0.15375
0 0.2075 0.0575 0.225 0.09375
0 0.28875 0.035 0.30125 0.0525
0 0.1125 0.07625 0.1475 0.12125
0 0.01875 0.12125 0.0875 0.19375
0 0.39375 0.65 0.43375 0.71
0 0.75625 0.2625 0.78625 0.31
0 0.04375 0.83625 0.07875 0.8725
0 0.16375 0.7375 0.17625 0.77125
0 0.1825 0.68 0.205 0.735
0 0.22625 0.36375 0.24625 0.415
0 0.93875 0.10375 0.9675 0.1275
