0 0.13875 0.93375 0.1775 0.97125
0 0.2025 0.90125 0.23 0.9525
0 0.2125 0.8125 0.23125 0.84875
0 0.37625 0.5525 0.40875 0.62375
0 0.375 0.2325 0.42 0.27875
0 0.27 0.09 0.3 0.13125
0 0.2775 0.13625 0.2925 0.165
0 0.15 0.0525 0.16 0.07
0 0.17125 0.075 0.18125 0.0975
0 0.1775 0.0325 0.1925 0.05125
0 0.42 0.1425 0.44 0.185
0 0.4 0.16 0.42125 0.17625
0 0.52625 0.15375 0.55 0.195
0 0.555 0.14625 0.57875 0.18875
0 0.4325 0.70125 0.44625 0.73375
0 0.51875 0.56375 0.5325 0.585
0 0.59375 0.51 0.61875 0.5225
0 0.60625 0.72 0.61375 0.7375
0 0.6 0.79625 0.62625 0.83875
0 0.82625 0.3025 0.845 0.32625
0 0.70125 0.08625 0.71875 0.1075
0 0.69 0.0825 0.6975 0.10125
0 0.70375 0.13875 0.72 0.1625
0 0.73875 0.10375 0.7525 0.12375
0 0.73125 0.02 0.755 0.05375
0 0.79625 0.0625 0.8175 0.08125
0 0.8975 0.18625 0.915 0.21375
0 0.8975 0.0425 0.915 0.06125
0 0.96625 0.21 0.97625 0.23
0 0.97375 0.2325 0.98125 0.2525
0 0.96625 0.36625 1.0 0.41
0 0.96375 0.40625 0.99125 0.44
0 0.8225 0.7 0.85125 0.7575
0 0.70625 0.70375 0.715 0.72
0 0.525 0.48625 0.5625 0.5325
0 0.54875 0.55625 0.5875 0.60375
0 0.80625 0.54875 0.8225 0.57
0 0.78375 0.65 0.80625 0.68375
0 0.88625 0.62125 0.9075 0.64
0 0.94375 0.5075 0.9625 0.52375
0 0.875 0.50625 0.88125 0.52
0 0.72875 0.3725 0.74375 0.3975
0 0.55 0.295 0.57375 0.33125
0 0.58875 0.3325 0.60625 0.37
0 0.42125 0.44875 0.44125 0.485
0 0.435 0.47125 0.45125 0.50375
0 0.4475 0.495 0.465 0.51875
0 0.765 0.27125 0.78 0.29625
0 0.24375 0.42 0.25625 0.455
0 0.4225 0.0 0.44375 0.035
0 0.57875 0.39875 0.58625 0.4175
