0 0.23875 0.5475 0.27125 0.5925
0 0.24875 0.6175 0.30125 0.6775
0 0.32125 0.44125 0.3425 0.47
0 0.35 0.4325 0.3725 0.46125
0 0.34875 0.38625 0.385 0.40875
0 0.3275 0.32625 0.34625 0.4375
0 0.42125 0.3325 0.44625 0.36375
0 0.6175 0.31375 0.65125 0.365
0 0.55625 0.23625 0.5875 0.2925
0 0.58375 0.30125 0.6125 0.375
0 0.625 0.3825 0.66125 0.4425
0 0.60875 0.44125 0.63125 0.475
0 0.5675 0.4125 0.59625 0.475
0 0.80875 0.3475 0.88125 0.425
0 0.97375 0.17625 1.0 0.2175
0 0.7625 0.495 0.82875 0.57
0 0.8075 0.57125 0.84125 0.63625
0 0.82875 0.49875 0.87625 0.57625
0 0.85125 0.585 0.89625 0.61875
0 0.88125 0.56625 0.91625 0.635
0 0.9075 0.63875 0.94 0.67375
0 0.94375 0.63875 0.9825 0.68625
