0 0.1175 0.22875 0.165 0.285
0 0.305 0.135 0.33375 0.17625
0 0.2925 0.2675 0.325 0.30625
0 0.325 0.225 0.38125 0.3125
0 0.38 0.24875 0.42125 0.29
0 0.39625 0.3225 0.4325 0.38
0 0.4025 0.2775 0.4675 0.36875
0 0.21875 0.2925 0.24375 0.33125
0 0.21875 0.2575 0.22625 0.2875
0 0.1975 0.36 0.2225 0.4175
0 0.21875 0.34625 0.2575 0.44
0 0.24625 0.3225 0.25625 0.35125
0 0.25875 0.3975 0.27875 0.435
0 0.29875 0.41875 0.32625 0.44375
0 0.2475 0.59875 0.27375 0.62625
0 0.27125 0.62875 0.295 0.66375
0 0.29375 0.6075 0.3025 0.6275
0 0.30375 0.60375 0.31625 0.62625
0 0.29625 0.6275 0.3175 0.65
0 0.3025 0.5375 0.31625 0.5625
0 0.3175 0.47 0.3525 0.515
0 0.34875 0.53375 0.37 0.5675
0 0.36 0.505 0.3875 0.54
0 0.37 0.5275 0.42875 0.5825
0 0.40125 0.505 0.41625 0.53
0 0.43 0.49625 0.44375 0.52625
0 0.44125 0.46625 0.46625 0.51125
0 0.4625 0.445 0.4675 0.47375
0 0.45375 0.41625 0.495 0.45375
0 0.30875 0.72 0.31875 0.74125
0 0.3175 0.75 0.385 0.83125
0 0.375 0.725 0.41 0.77875
0 0.38 0.6725 0.415 0.73
0 0.425 0.6775 0.45125 0.7225
0 0.4225 0.7525 0.435 0.77
0 0.4775 0.6675 0.4825 0.69
0 0.50125 0.6725 0.51 0.69125
0 0.52 0.66125 0.53625 0.68375
0 0.5375 0.6625 0.54375 0.6875
0 0.5475 0.66625 0.56125 0.6875
0 0.55 0.6025 0.595 0.64625
0 0.3325 0.9525 0.42 1.0
0 0.37125 0.9225 0.4375 0.95625
0 0.38125 0.89 0.3975 0.92375
0 0.4275 0.87875 0.46625 0.935
0 0.41875 0.84 0.44375 0.8775
0 0.44875 0.85375 0.5125 0.92
0 0.19625 0.765 0.23875 0.81375
0 0.1475 0.89 0.18625 0.9525
0 0.0325 0.6125 0.0825 0.675
0 0.0925 0.54 0.14 0.67375
0 0.14375 0.50625 0.17 0.63
0 0.13125 0.55625 0.2175 0.63
0 0.115 0.46375 0.185 0.5275
0 0.12625 0.42375 0.18125 0.46875
0 0.1825 0.435 0.19875 0.47
0 0.09875 0.34875 0.18 0.44
0 0.62125 0.86125 0.6425 0.88875
0 0.64375 0.87 0.665 0.895
0 0.71875 0.685 0.74125 0.71875
0 0.74375 0.6725 0.7725 0.71375
0 0.69375 0.595 0.71625 0.62375
0 0.73625 0.5575 0.76 0.6025
0 0.5825 0.55 0.59875 0.5975
0 0.59625 0.4875 0.61125 0.55125
0 0.60375 0.51625 0.64375 0.58
0 0.68875 0.3925 0.74 0.4425
0 0.5475 0.425 0.61375 0.4975
0 0.0025 0.725 0.04625 0.7975
0 0.44875 0.01 0.48625 0.03
