0 0.27875 0.7525 0.2875 0.7725
0 0.32375 0.8325 0.32875 0.855
0 0.3525 0.72625 0.38625 0.7575
0 0.3625 0.745 0.38125 0.7875
0 0.3525 0.7 0.37125 0.72375
0 0.39875 0.745 0.42375 0.795
0 0.46 0.68 0.515 0.74875
0 0.43625 0.62625 0.45875 0.685
0 0.4575 0.56 0.53875 0.635
0 0.48625 0.54375 0.51 0.56125
0 0.5425 0.69625 0.6075 0.72875
0 0.59125 0.68125 0.60875 0.845
0 0.57625 0.735 0.5925 0.74625
0 0.575 0.78875 0.5875 0.8225
0 0.5875 0.74375 0.60125 0.77
0 0.58 0.545 0.5925 0.59375
0 0.57625 0.60625 0.61625 0.6225
0 0.5775 0.625 0.615 0.65375
0 0.5975 0.585 0.615 0.605
0 0.6125 0.56 0.63375 0.59
0 0.60625 0.54 0.6425 0.5625
0 0.4875 0.8175 0.49875 0.8475
0 0.49125 0.32125 0.5675 0.49
0 0.50875 0.29875 0.52 0.3325
0 0.52625 0.2975 0.53375 0.325
0 0.56875 0.345 0.59375 0.4725
0 0.59625 0.4075 0.63625 0.47
0 0.6625 0.29625 0.70875 0.39375
0 0.7425 0.35875 0.76625 0.405
0 0.3625 0.2025 0.38 0.23
0 0.37125 0.1825 0.3825 0.2175
0 0.3825 0.16875 0.395 0.24125
0 0.38375 0.145 0.39875 0.17625
0 0.3975 0.155 0.40375 0.17625
0 0.415 0.195 0.41875 0.2175
0 0.3925 0.2 0.405 0.2275
0 0.4225 0.1525 0.4375 0.1825
0 0.435 0.195 0.44625 0.2225
0 0.67 0.18 0.68 0.21625
0 0.61875 0.02 0.62625 0.07
0 0.6375 0.0475 0.64375 0.0775
0 0.60375 0.0525 0.6125 0.10125
0 0.6325 0.7225 0.67125 0.8525
0 0.665 0.77125 0.68875 0.8625
0 0.6875 0.8025 0.7 0.8525
0 0.695 0.805 0.7125 0.8225
0 0.855 0.57 0.87 0.59625
0 0.85625 0.51875 0.87125 0.5475
0 0.875 0.54 0.88625 0.555
0 0.88875 0.5325 0.895 0.54
0 0.82 0.4675 0.84875 0.485
0 0.84125 0.4575 0.8525 0.47125
0 0.8575 0.4325 0.86875 0.4575
0 0.775 0.39875 0.7975 0.415
0 0.835 0.6675 0.8525 0.705
0 0.8575 0.6275 0.8725 0.65125
0 0.745 0.8825 0.765 0.93875
0 0.72 0.9025 0.7325 0.92
0 0.7375 0.935 0.74625 0.9775
0 0.815 0.8925 0.86125 0.94375
0 0.6625 0.4925 0.70375 0.57
0 0.63375 0.5275 0.65875 0.565
0 0.7375 0.5125 0.7925 0.5625
0 0.78125 0.31625 0.805 0.33875
0 0.80125 0.305 0.82875 0.31625
0 0.81875 0.19 0.84375 0.3025
0 0.80875 0.25375 0.81875 0.2775
0 0.77125 0.24 0.7875 0.2575
0 0.85625 0.23625 0.87 0.28375
0 0.84375 0.2675 0.8525 0.30375
0 0.845 0.195 0.86875 0.24875
0 0.89 0.6625 0.96 0.70875
0 0.96375 0.58875 0.985 0.61
0 0.9625 0.8575 0.99375 0.8875
0 0.98125 0.89 0.99625 0.9575
0 0.98125 0.83625 0.995 0.855
0 0.9525 0.3375 0.995 0.42
