0 0.52375 0.8275 0.54125 0.89
0 0.33125 0.7775 0.3425 0.81625
0 0.435 0.7325 0.47375 0.8025
0 0.57375 0.665 0.60625 0.7925
0 0.52625 0.69 0.535 0.72375
0 0.505 0.665 0.52375 0.70625
0 0.51125 0.5675 0.52 0.60625
0 0.41375 0.5125 0.4325 0.55
0 0.435 0.5 0.4475 0.52625
0 0.46375 0.4575 0.4675 0.4725
0 0.4625 0.44125 0.4675 0.45375
0 0.46875 0.4325 0.49125 0.47625
0 0.49875 0.3975 0.51 0.4275
0 0.535 0.52125 0.55625 0.57125
0 0.52875 0.49 0.53875 0.5225
0 0.5125 0.4725 0.52375 0.505
0 0.54625 0.4625 0.55125 0.48875
0 0.17875 0.29375 0.19 0.3075
0 0.1475 0.40625 0.1625 0.43625
0 0.11625 0.4275 0.125 0.45125
0 0.2475 0.335 0.255 0.355
0 0.255 0.305 0.265 0.3275
0 0.2575 0.275 0.26875 0.2975
0 0.2675 0.3 0.275 0.315
0 0.275 0.275 0.29 0.30125
0 0.30125 0.285 0.3075 0.305
0 0.30625 0.2525 0.32 0.295
0 0.35375 0.255 0.3625 0.2925
0 0.38625 0.2625 0.39875 0.2825
0 0.4 0.255 0.42 0.2875
0 0.56875 0.355 0.5825 0.395
0 0.56875 0.4 0.59375 0.47875
0 0.6125 0.4125 0.63625 0.46375
0 0.64375 0.42625 0.64875 0.4425
0 0.5875 0.2575 0.61875 0.32875
0 0.6475 0.345 0.665 0.395
0 0.63125 0.47 0.64375 0.51125
0 0.57625 0.4825 0.585 0.50375
0 0.68125 0.5275 0.71125 0.595
0 0.71375 0.65375 0.73 0.7025
0 0.83625 0.49125 0.8475 0.52875
0 0.89125 0.45125 0.90625 0.4875
0 0.885 0.5475 0.91 0.59375
0 0.93625 0.5325 0.95875 0.56
0 0.80625 0.45875 0.82 0.48375
0 0.79125 0.4025 0.8 0.42375
0 0.3375 0.36375 0.34625 0.3875
0 0.34125 0.45 0.34875 0.455
0 0.35375 0.43875 0.36 0.4525
0 0.31 0.4225 0.3275 0.44875
0 0.3525 0.385 0.36125 0.4325
0 0.3625 0.3975 0.38625 0.44875
0 0.38375 0.3625 0.4025 0.4325
0 0.36875 0.38375 0.40625 0.39875
0 0.40375 0.37 0.4225 0.4025
0 0.4225 0.35 0.43625 0.39
0 0.41375 0.3125 0.4225 0.34
0 0.40625 0.325 0.41375 0.3375
0 0.4125 0.56375 0.4275 0.59625
0 0.3675 0.60375 0.37625 0.6275
0 0.39125 0.61875 0.39625 0.62875
0 0.3925 0.63 0.40125 0.65375
0 0.405 0.63 0.40875 0.6425
0 0.44 0.68625 0.4475 0.70625
0 0.42375 0.64625 0.44125 0.66875
0 0.105 0.755 0.11875 0.795
0 0.4875 0.4875 0.4925 0.50625
0 0.4675 0.5075 0.4725 0.5275
0 0.455 0.515 0.4575 0.52375
0 0.44875 0.5175 0.4525 0.5225
0 0.63125 0.635 0.6475 0.655
0 0.60125 0.5775 0.61625 0.6075
0 0.47625 0.64625 0.49625 0.6825
