0 0.5575 0.61 0.61875 0.66875
0 0.5 0.575 0.52 0.6025
0 0.42125 0.5275 0.43625 0.5575
0 0.4175 0.5075 0.4325 0.52125
0 0.49375 0.48 0.5025 0.505
0 0.505 0.4975 0.515 0.51375
0 0.475 0.4875 0.485 0.5
0 0.45375 0.48625 0.465 0.49875
0 0.46125 0.4675 0.48375 0.4875
0 0.505 0.45 0.51375 0.4675
0 0.47375 0.40875 0.50375 0.45
0 0.41125 0.4475 0.425 0.47
0 0.425 0.47 0.435 0.4875
0 0.39 0.40875 0.405 0.4525
0 0.4775 0.235 0.5125 0.34375
0 0.48875 0.31 0.5225 0.3475
0 0.45 0.2775 0.48625 0.34125
0 0.5325 0.28625 0.58 0.345
0 0.5825 0.30625 0.5925 0.33125
0 0.59875 0.3425 0.61 0.365
0 0.60875 0.395 0.625 0.4475
0 0.5825 0.4475 0.60625 0.465
0 0.6425 0.265 0.6675 0.3
0 0.53625 0.20875 0.55125 0.225
0 0.5725 0.195 0.595 0.24
0 0.67 0.16 0.67625 0.1775
0 0.6025 0.1125 0.6175 0.1375
0 0.54375 0.11125 0.56125 0.14625
0 0.39375 0.01125 0.405 0.0275
0 0.365 0.525 0.38 0.55625
0 0.245 0.31 0.26875 0.3425
0 0.29 0.2175 0.345 0.27375
0 0.09375 0.0625 0.10625 0.09
0 0.2275 0.2475 0.24 0.295
