0 0.0 0.885 0.07625 0.985
0 0.06125 0.78625 0.095 0.8225
0 0.0925 0.76125 0.11 0.785
0 0.12125 0.7925 0.15625 0.8375
0 0.13875 0.76125 0.18125 0.8025
0 0.01875 0.7 0.04 0.7275
0 0.0675 0.45625 0.10625 0.53375
0 0.12125 0.44875 0.17875 0.5075
0 0.175 0.5375 0.19 0.57
0 0.24625 0.55125 0.25375 0.56875
0 0.27 0.465 0.2875 0.49625
0 0.29 0.38625 0.3125 0.42
0 0.1 0.31875 0.17375 0.38375
0 0.17125 0.26 0.18875 0.2925
0 0.2025 0.34875 0.22125 0.38875
0 0.2875 0.3125 0.3 0.33875
0 0.34 0.35125 0.37125 0.3925
0 0.385 0.33125 0.4225 0.36625
0 0.45 0.415 0.485 0.43875
0 0.46375 0.53 0.49875 0.555
0 0.5075 0.5675 0.5275 0.59
0 0.4675 0.58 0.485 0.6075
0 0.5175 0.455 0.555 0.505
0 0.50375 0.415 0.52875 0.44875
0 0.50125 0.3875 0.565 0.43875
0 0.5375 0.35875 0.54375 0.3825
0 0.50375 0.3025 0.55125 0.3525
0 0.65125 0.3575 0.6575 0.38
0 0.6175 0.215 0.66875 0.31
0 0.47125 0.24875 0.52 0.305
0 0.47625 0.21 0.52 0.25
0 0.3 0.19125 0.32875 0.23125
0 0.33375 0.17 0.365 0.215
0 0.37875 0.1275 0.41625 0.2
0 0.36625 0.0425 0.3775 0.06625
0 0.2675 0.005 0.30375 0.05375
0 0.48375 0.08375 0.50875 0.12125
0 0.455 0.0925 0.46625 0.11875
0 0.47125 0.1525 0.49 0.1775
0 0.575 0.1175 0.63875 0.18125
0 0.5875 0.17875 0.64 0.21875
0 0.57625 0.265 0.58875 0.2825
0 0.65875 0.0575 0.68625 0.1025
0 0.57125 0.4925 0.6025 0.515
0 0.43125 0.6375 0.48 0.69125
0 0.37375 0.6325 0.39375 0.6625
0 0.405 0.70875 0.44625 0.7625
0 0.5875 0.7275 0.61875 0.7475
0 0.82875 0.8625 0.8675 0.915
0 0.80625 0.83125 0.8275 0.85
0 0.8075 0.7175 0.85125 0.7475
0 0.8525 0.72625 0.8975 0.775
0 0.79375 0.755 0.8575 0.8
0 0.9675 0.4625 0.98625 0.48375
0 0.735 0.2575 0.76375 0.28625
0 0.77 0.295 0.79625 0.34
0 0.8675 0.0 0.8975 0.035
