0 0.17625 0.76875 0.2025 0.795
0 0.27875 0.66125 0.345 0.705
0 0.175 0.3575 0.20375 0.3925
0 0.29625 0.4825 0.32875 0.5175
0 0.32625 0.5075 0.3475 0.5375
0 0.34875 0.465 0.36375 0.505
0 0.37 0.4525 0.39 0.4875
0 0.3675 0.4025 0.4 0.44375
0 0.45625 0.37375 0.48 0.4075
0 0.485 0.395 0.55375 0.48
0 0.51625 0.52 0.55625 0.5625
0 0.4725 0.54125 0.4975 0.5675
0 0.64375 0.2675 0.66125 0.30125
0 0.75625 0.31625 0.78125 0.35625
0 0.72 0.0225 0.75125 0.075
0 0.75875 0.055 0.795 0.0825
0 0.78125 0.00875 0.81875 0.045
0 0.97875 0.305 1.0 0.3375
0 0.9775 0.13625 0.99 0.16
0 0.97 0.0 1.0 0.02875
0 0.50625 0.13125 0.5175 0.15
