0 0.6675 0.3975 0.68375 0.4275
0 0.65 0.385 0.665 0.4075
0 0.655 0.37625 0.65875 0.385
0 0.67625 0.35625 0.6875 0.38
0 0.6825 0.38 0.70625 0.4
0 0.69 0.365 0.69625 0.38125
0 0.69875 0.4 0.71 0.41125
0 0.73375 0.3225 0.75625 0.3675
0 0.75625 0.305 0.77125 0.335
0 0.70375 0.29875 0.7125 0.30375
0 0.74 0.63125 0.74875 0.63875
0 0.72625 0.63375 0.73125 0.6375
0 0.69625 0.67 0.7125 0.68375
0 0.68375 0.6925 0.69375 0.70875
0 0.69375 0.69 0.71 0.7
0 0.68375 0.7075 0.70375 0.74
0 0.67125 0.67625 0.67875 0.6875
0 0.70125 0.89125 0.72625 0.8975
0 0.71375 0.85 0.72875 0.88
0 0.90875 0.68375 0.94125 0.70625
0 0.93 0.66625 0.95375 0.6875
0 0.96125 0.82125 0.97875 0.83875
0 0.9425 0.8675 0.96375 0.9025
0 0.96625 0.86375 0.97375 0.8775
0 0.76375 0.885 0.7825 0.91
0 0.78375 0.8975 0.8025 0.93
0 0.84875 0.915 0.8575 0.94
0 0.865 0.91125 0.91375 0.9425
0 0.88625 0.895 0.89 0.9025
0 0.90625 0.915 0.95 0.94
0 0.905 0.945 0.9475 0.9825
0 0.935 0.9775 0.975 1.0
0 0.98875 0.55875 1.0 0.57375
