0 0.29125 0.68375 0.32125 0.7175
0 0.26375 0.61375 0.28 0.63375
0 0.135 0.57375 0.21375 0.62875
0 0.14125 0.51 0.1675 0.54375
0 0.15125 0.46 0.17875 0.495
0 0.18 0.495 0.21375 0.535
0 0.2125 0.515 0.265 0.54375
0 0.22625 0.545 0.2625 0.5725
0 0.28 0.475 0.33 0.535
0 0.3125 0.52875 0.3425 0.57375
0 0.34125 0.49 0.38375 0.5425
0 0.38625 0.50375 0.39875 0.53125
0 0.19 0.42 0.2575 0.49625
0 0.2625 0.355 0.305 0.4525
0 0.2975 0.44 0.315 0.46375
0 0.305 0.32 0.3425 0.43875
0 0.255 0.31 0.28625 0.3475
0 0.205 0.29125 0.25125 0.3875
0 0.15875 0.2575 0.2175 0.32125
0 0.115 0.34 0.14875 0.38
0 0.27125 0.2175 0.2975 0.27875
0 0.245 0.145 0.265 0.185
0 0.34 0.12 0.37625 0.17
0 0.40125 0.2425 0.41875 0.2875
0 0.35625 0.24125 0.375 0.26875
0 0.34 0.24125 0.3525 0.27
0 0.435 0.15 0.46125 0.20875
0 0.46125 0.125 0.4775 0.165
0 0.47625 0.145 0.495 0.1675
0 0.47875 0.175 0.51 0.25125
0 0.5275 0.22 0.5425 0.275
0 0.5525 0.1875 0.5675 0.225
0 0.55625 0.165 0.575 0.19
0 0.51875 0.12625 0.54875 0.15625
0 0.71875 0.4025 0.76375 0.435
0 0.6975 0.37375 0.72375 0.4025
0 0.645 0.355 0.6725 0.38375
0 0.66125 0.3225 0.68375 0.345
0 0.6775 0.305 0.6925 0.325
0 0.595 0.365 0.63625 0.41
0 0.565 0.3525 0.58875 0.37
0 0.53 0.35375 0.56125 0.37375
0 0.53375 0.4175 0.5675 0.45875
0 0.54875 0.45125 0.5825 0.495
0 0.5725 0.5 0.58375 0.51375
0 0.565 0.55 0.5875 0.56875
0 0.5775 0.41 0.60125 0.48
0 0.4425 0.36375 0.46625 0.41
0 0.46875 0.34 0.49875 0.385
0 0.5875 0.2625 0.6325 0.305
0 0.5875 0.2275 0.60125 0.25875
0 0.61 0.0625 0.6375 0.12125
0 0.63375 0.1125 0.645 0.13125
0 0.71 0.1125 0.71625 0.13125
0 0.525 0.01375 0.55875 0.12875
0 0.5625 0.0525 0.58125 0.10875
0 0.585 0.0675 0.60125 0.1
0 0.49125 0.0 0.51375 0.0275
0 0.4725 0.0075 0.4825 0.01875
0 0.55125 0.5925 0.57125 0.615
0 0.25 0.04 0.2775 0.075
0 0.035 0.21 0.07625 0.27125
0 0.135 0.15125 0.1575 0.185
0 0.3375 0.1775 0.3575 0.2125
0 0.17 0.08 0.20125 0.11625
