0 0.39125 0.76625 0.44 0.85
0 0.435 0.6975 0.48 0.79
0 0.435 0.655 0.45875 0.70125
0 0.3825 0.64 0.43375 0.7375
0 0.31625 0.5875 0.36375 0.6525
0 0.31125 0.5425 0.34125 0.5825
0 0.41125 0.5125 0.44375 0.555
0 0.695 0.44625 0.72 0.5
0 0.735 0.48625 0.76 0.5275
0 0.35875 0.41 0.3875 0.4775
0 0.3975 0.4125 0.44 0.4575
0 0.42375 0.36 0.46125 0.4225
0 0.59 0.24875 0.6475 0.3325
0 0.67375 0.21625 0.7175 0.28
0 0.665 0.405 0.67625 0.4375
0 0.675 0.295 0.7575 0.39875
0 0.69125 0.2825 0.73 0.32
0 0.71625 0.23875 0.7475 0.2875
0 0.8125 0.1975 0.89 0.29375
0 0.74 0.2025 0.75375 0.235
0 0.755 0.1975 0.77 0.2275
0 0.3925 0.2175 0.48875 0.26
0 0.405 0.265 0.48375 0.3025
0 0.435 0.1625 0.46875 0.22875
0 0.5075 0.155 0.54375 0.195
0 0.5225 0.06875 0.57125 0.1525
0 0.5575 0.095 0.60375 0.205
0 0.60375 0.1125 0.63625 0.20625
0 0.635 0.1225 0.65375 0.17875
0 0.73375 0.02 0.74375 0.0775
0 0.7425 0.0875 0.74625 0.13625
0 0.75125 0.075 0.76625 0.1325
0 0.82875 0.63625 0.8575 0.67875
0 0.6325 0.72625 0.64375 0.7525
0 0.7575 0.69 0.76625 0.715
0 0.0225 0.465 0.0475 0.51875
0 0.1375 0.3225 0.1575 0.3525
0 0.205 0.2775 0.22 0.3
0 0.33125 0.335 0.36 0.3725
0 0.3675 0.295 0.3725 0.31875
0 0.38125 0.3 0.39375 0.32
0 0.38375 0.26875 0.4 0.29375
0 0.29125 0.2125 0.30375 0.2275
0 0.235 0.19 0.2625 0.22375
0 0.25375 0.18375 0.26375 0.205
0 0.14375 0.2175 0.165 0.26125
0 0.06125 0.17375 0.10625 0.2275
0 0.10375 0.18125 0.1375 0.23875
0 0.195 0.07625 0.24875 0.19
0 0.11 0.05 0.11875 0.095
0 0.04625 0.1075 0.0775 0.14375
0 0.00125 0.00125 0.01625 0.03625
0 0.00125 0.0525 0.02 0.1025
0 0.27125 0.27125 0.28 0.2925
