0 0.14375 0.90375 0.1775 0.94
0 0.1975 0.8775 0.23125 0.91
0 0.2325 0.89 0.255 0.91375
0 0.28125 0.79375 0.3175 0.83625
0 0.1625 0.845 0.19125 0.87125
0 0.0925 0.75125 0.11875 0.78875
0 0.1125 0.715 0.14375 0.76375
0 0.1425 0.725 0.1625 0.7475
0 0.33125 0.615 0.3525 0.64
0 0.03625 0.435 0.05 0.45125
0 0.05125 0.2825 0.11125 0.36
0 0.13625 0.27125 0.1675 0.3175
0 0.2275 0.3975 0.2475 0.42125
0 0.21625 0.355 0.23125 0.38
0 0.23125 0.3375 0.26875 0.3725
0 0.28625 0.41875 0.35875 0.47875
0 0.33 0.35875 0.40375 0.40625
0 0.19125 0.2475 0.225 0.2925
0 0.22875 0.2575 0.25625 0.30375
0 0.255 0.27 0.29 0.315
0 0.195 0.21625 0.23625 0.25125
0 0.07625 0.13875 0.1075 0.1725
0 0.1475 0.1125 0.1975 0.1625
0 0.18625 0.03625 0.2425 0.17875
0 0.2025 0.105 0.26875 0.17625
0 0.2575 0.10375 0.29625 0.16875
0 0.4025 0.19 0.42125 0.2375
0 0.34125 0.25 0.365 0.2875
0 0.365 0.2625 0.39125 0.29625
0 0.45375 0.2675 0.475 0.29375
0 0.45125 0.1425 0.48 0.2025
0 0.4275 0.34375 0.43375 0.3625
0 0.455 0.43875 0.47125 0.46
0 0.46875 0.395 0.495 0.435
0 0.49875 0.615 0.5575 0.68875
0 0.54375 0.39 0.56875 0.4325
0 0.475 0.3025 0.4975 0.32875
0 0.495 0.33 0.51125 0.36625
0 0.525 0.31125 0.55 0.3375
0 0.59375 0.3675 0.655 0.4225
0 0.55 0.4575 0.56125 0.4825
0 0.51375 0.4875 0.53125 0.51
0 0.605 0.51 0.62 0.5425
0 0.7375 0.835 0.75375 0.8575
0 0.76 0.815 0.78875 0.83625
0 0.815 0.79375 0.845 0.8125
0 0.8225 0.7525 0.87875 0.78375
0 0.6 0.1325 0.62625 0.16125
0 0.5525 0.0 0.60625 0.06625
0 0.60375 0.005 0.6275 0.0475
0 0.62625 0.01375 0.64125 0.0475
0 0.4975 0.1525 0.5225 0.1725
0 0.4825 0.1675 0.49875 0.17625
0 0.0275 0.0125 0.0575 0.06625
0 0.015 0.03875 0.0325 0.0625
0 0.0 0.08 0.015 0.125
0 0.0325 0.6275 0.08125 0.6675
