0 0.46875 0.5075 0.5375 0.58375
0 0.48 0.59625 0.51375 0.62375
0 0.45375 0.67875 0.46375 0.69375
0 0.445 0.7075 0.46375 0.7275
0 0.47125 0.7075 0.48 0.7175
0 0.555 0.545 0.59875 0.60125
0 0.61875 0.4875 0.68875 0.5625
0 0.6875 0.475 0.73375 0.515
0 0.6225 0.59375 0.7 0.67
0 0.63875 0.67 0.70375 0.74375
0 0.68875 0.74 0.72125 0.795
0 0.60875 0.735 0.6275 0.775
0 0.59875 0.76875 0.6275 0.815
0 0.555 0.78375 0.59375 0.83125
0 0.6575 0.915 0.71375 0.965
0 0.6875 0.8725 0.70875 0.89
0 0.72 0.81 0.74 0.83375
0 0.69375 0.36125 0.7425 0.43375
0 0.9075 0.9325 0.9375 0.97
0 0.94625 0.0875 0.99625 0.15875
0 0.82875 0.145 0.89 0.1975
