0 0.7725 0.01625 0.79625 0.04875
0 0.79 0.05 0.82125 0.1
0 0.875 0.12375 0.9025 0.1525
0 0.6875 0.10375 0.72375 0.15625
0 0.7075 0.085 0.72 0.11
0 0.72125 0.09 0.74 0.13
0 0.73 0.13875 0.7575 0.17
0 0.75 0.125 0.76125 0.1425
0 0.7575 0.3525 0.77875 0.38
0 0.78625 0.3975 0.81 0.4225
0 0.58875 0.4075 0.635 0.44375
0 0.6025 0.29375 0.6475 0.33375
0 0.64625 0.29875 0.6675 0.33125
0 0.64 0.33 0.6625 0.3625
0 0.66125 0.30625 0.68125 0.33625
0 0.66375 0.3325 0.6975 0.3625
0 0.685 0.3025 0.695 0.33625
0 0.59 0.68625 0.61 0.7075
0 0.60625 0.70125 0.63625 0.72
0 0.615 0.71625 0.6375 0.74
0 0.505 0.7825 0.61 0.85125
0 0.5775 0.7525 0.59625 0.7825
0 0.60625 0.81125 0.62625 0.845
0 0.53 0.6675 0.56 0.6875
0 0.55125 0.52125 0.5725 0.54875
0 0.57125 0.505 0.575 0.52125
0 0.54 0.58 0.54375 0.5975
0 0.56 0.56625 0.56625 0.585
0 0.53875 0.555 0.54625 0.57
0 0.40875 0.6175 0.425 0.6425
0 0.43 0.60625 0.4475 0.6475
0 0.4475 0.62125 0.49625 0.64875
0 0.4475 0.5725 0.49 0.60375
0 0.4825 0.59 0.505 0.61875
0 0.5 0.58 0.52375 0.605
0 0.5 0.61 0.55375 0.6525
0 0.415 0.555 0.4375 0.59125
0 0.41 0.50375 0.42875 0.5275
0 0.42875 0.5275 0.4875 0.56125
0 0.44125 0.50125 0.4825 0.52875
0 0.445 0.48875 0.46375 0.5
0 0.40375 0.405 0.42125 0.46625
0 0.39625 0.43875 0.4025 0.4725
0 0.42 0.4325 0.4375 0.4725
0 0.43875 0.435 0.45125 0.4625
0 0.45375 0.4175 0.4675 0.44375
0 0.46625 0.44125 0.49125 0.46125
0 0.49625 0.42875 0.50375 0.44875
0 0.47625 0.40125 0.4925 0.4275
0 0.47 0.37 0.5 0.3975
0 0.48625 0.345 0.49375 0.37375
0 0.54375 0.31375 0.5725 0.35
0 0.5625 0.29 0.5725 0.315
0 0.08125 0.9475 0.345 1.0
0 0.14125 0.905 0.19 0.955
0 0.20625 0.91 0.315 0.955
0 0.24 0.85625 0.3 0.9175
0 0.34625 0.82375 0.4375 0.935
0 0.44 0.83875 0.4625 0.8775
0 0.46375 0.91125 0.50125 0.94625
0 0.445 0.96 0.4975 1.0
0 0.5025 0.9775 0.58125 1.0
0 0.54625 0.9175 0.57 0.955
0 0.09125 0.71875 0.175 0.7925
0 0.1075 0.66125 0.14125 0.71125
0 0.155 0.62625 0.17125 0.67625
0 0.13 0.56625 0.1775 0.615
0 0.18 0.5925 0.195 0.6175
0 0.21125 0.5975 0.22625 0.6275
0 0.16 0.4425 0.205 0.48375
0 0.10875 0.43875 0.14125 0.4725
0 0.05875 0.4 0.105 0.45125
0 0.09875 0.3475 0.16375 0.4225
0 0.0675 0.2925 0.0975 0.3425
0 0.11125 0.2825 0.14625 0.325
0 0.13875 0.23375 0.17125 0.28625
0 0.16 0.2125 0.1875 0.2675
0 0.18375 0.255 0.26625 0.3125
0 0.20625 0.345 0.2475 0.37875
0 0.27625 0.365 0.31375 0.385
0 0.34125 0.39 0.38125 0.43875
0 0.3275 0.43 0.3475 0.45
0 0.345 0.32 0.45625 0.38
0 0.4025 0.2825 0.4325 0.35
0 0.4475 0.21 0.48 0.29
0 0.365 0.1125 0.4275 0.1975
0 0.48375 0.04 0.5425 0.15375
0 0.5325 0.18 0.55 0.2275
0 0.59375 0.03375 0.65 0.08
0 0.64875 0.0 0.675 0.035
0 0.8325 0.0 0.8575 0.01875
0 0.08625 0.205 0.105 0.2325
0 0.1125 0.17125 0.1625 0.2125
0 0.1575 0.13875 0.18125 0.17875
0 0.06625 0.165 0.08125 0.21
0 0.05875 0.0525 0.1475 0.12875
0 0.2975 0.7925 0.3375 0.85375
0 0.3325 0.7775 0.405 0.82125
0 0.33875 0.73375 0.42 0.775
0 0.395 0.68625 0.41625 0.72625
0 0.43125 0.6675 0.45875 0.6875
0 0.31125 0.5775 0.335 0.605
0 0.32875 0.4825 0.34375 0.4975
0 0.2975 0.4375 0.31125 0.47375
0 0.31375 0.4525 0.335 0.4725
0 0.34125 0.4575 0.36375 0.475
0 0.35375 0.45125 0.36 0.46375
0 0.2775 0.40625 0.32375 0.4375
0 0.19125 0.405 0.22 0.4375
0 0.22375 0.395 0.2675 0.44
0 0.06875 0.5025 0.0975 0.525
0 0.08125 0.85875 0.13 0.915
