0 0.87 0.755 0.9525 0.825
0 0.86875 0.83 0.93625 0.86125
0 0.58625 0.64875 0.6675 0.7
0 0.625 0.7 0.6825 0.77125
0 0.54 0.68875 0.62625 0.77
0 0.46 0.54125 0.50625 0.60875
0 0.51 0.52375 0.5575 0.58375
0 0.6025 0.5275 0.63875 0.57625
0 0.44 0.48125 0.48125 0.52625
0 0.4175 0.43375 0.48 0.4975
0 0.4775 0.435 0.50375 0.47375
0 0.475 0.39375 0.52125 0.43625
0 0.345 0.46125 0.38125 0.495
0 0.315 0.4925 0.33625 0.515
0 0.22875 0.605 0.2575 0.62125
0 0.25875 0.6 0.28 0.62625
0 0.27875 0.6125 0.29375 0.6225
0 0.2925 0.6 0.30125 0.60875
0 0.685 0.07 0.75 0.13875
0 0.6525 0.0 0.8025 0.09375
