0 0.37125 0.45875 0.43 0.53125
0 0.39375 0.52875 0.42375 0.56125
0 0.45 0.53 0.515 0.59125
0 0.75 0.05125 0.77625 0.08125
0 0.7225 0.07 0.75375 0.09375
0 0.73 0.1175 0.7525 0.14875
0 0.74125 0.145 0.77 0.17125
0 0.7175 0.17125 0.75 0.20125
0 0.6725 0.2175 0.725 0.24
0 0.645 0.23625 0.7 0.2725
0 0.61625 0.2375 0.65875 0.2875
0 0.43625 0.24625 0.48375 0.285
0 0.46375 0.1925 0.51 0.2725
0 0.51 0.26 0.54375 0.2975
0 0.54125 0.29 0.575 0.315
0 0.5025 0.32875 0.52875 0.34375
0 0.51125 0.4075 0.52375 0.42
