0 0.40875 0.25625 0.4475 0.29375
0 0.36875 0.3075 0.39125 0.37375
0 0.3075 0.3325 0.35125 0.42375
0 0.345 0.4575 0.3775 0.51
0 0.37125 0.74375 0.4 0.785
0 0.4 0.715 0.42875 0.7625
0 0.365 0.585 0.3875 0.625
0 0.34875 0.64625 0.38125 0.67875
0 0.30875 0.70875 0.35875 0.76125
0 0.285 0.78875 0.3275 0.8175
0 0.56875 0.8 0.6075 0.835
0 0.44 0.575 0.47375 0.64875
0 0.5175 0.32 0.55 0.36125
0 0.67625 0.225 0.7 0.28625
0 0.4425 0.5475 0.46 0.56375
0 0.45375 0.52375 0.485 0.5425
0 0.55 0.24375 0.59375 0.28
0 0.5825 0.8725 0.615 0.91
0 0.56875 0.93375 0.59375 0.97875
0 0.405 0.37375 0.435 0.4125
0 0.42375 0.31875 0.4475 0.36
0 0.5 0.43625 0.5325 0.4875
0 0.5475 0.43625 0.56375 0.4775
0 0.495 0.5725 0.51375 0.6125
0 0.61125 0.6825 0.64625 0.71625
0 0.39375 0.67375 0.4125 0.70625
