0 0.71625 0.7775 0.7425 0.8075
0 0.36375 0.565 0.395 0.5925
0 0.2625 0.05125 0.2975 0.09625
0 0.32625 0.065 0.35375 0.095
0 0.33125 0.11125 0.355 0.14
0 0.4075 0.16625 0.42625 0.1975
0 0.755 0.0 0.7875 0.03625
0 0.74 0.08625 0.78625 0.135
0 0.8475 0.875 0.88875 0.925
0 0.38125 0.37375 0.40125 0.3925
0 0.26625 0.53625 0.28875 0.55625
0 0.22875 0.52625 0.25375 0.54
0 0.51 0.66875 0.53625 0.69875
0 0.73875 0.6225 0.75875 0.64875
0 0.76625 0.58875 0.7925 0.6275
0 0.7175 0.38 0.73375 0.40375
0 0.63125 0.81 0.65625 0.84875
0 0.75125 0.8975 0.81375 0.9425
0 0.8125 0.80625 0.8325 0.835
0 0.9075 0.175 0.9325 0.20625
