0 0.06375 0.0475 0.08875 0.095
0 0.1475 0.145 0.17875 0.1975
0 0.18 0.1975 0.2025 0.2275
0 0.30125 0.24 0.32125 0.27
0 0.2375 0.32375 0.3025 0.38
0 0.30125 0.41125 0.36875 0.455
0 0.365 0.445 0.42 0.505
0 0.5175 0.4325 0.5525 0.535
0 0.40125 0.265 0.4275 0.30875
0 0.46875 0.245 0.49625 0.28
0 0.44 0.1875 0.46875 0.23125
0 0.41375 0.15875 0.4425 0.2025
0 0.4475 0.08875 0.465 0.1325
0 0.37375 0.1325 0.39 0.185
0 0.515 0.18 0.5425 0.23
0 0.55625 0.18625 0.595 0.24625
0 0.61125 0.2125 0.6625 0.25125
0 0.62875 0.155 0.65375 0.1975
0 0.6 0.05125 0.63125 0.09625
0 0.645 0.07125 0.6775 0.12625
0 0.66375 0.5075 0.695 0.5625
0 0.115 0.2175 0.13125 0.25625
0 0.3425 0.04625 0.355 0.1
0 0.5325 0.05625 0.59125 0.1125
0 0.84375 0.12 0.86 0.1525
0 0.85375 0.06375 0.88875 0.1175
0 0.87375 0.1075 0.8975 0.1575
0 0.88375 0.08 0.925 0.11875
0 0.53875 0.26875 0.56875 0.3225
0 0.655 0.2075 0.705 0.2575
0 0.6175 0.2475 0.63875 0.30875
0 0.735 0.29125 0.7725 0.325
0 0.7625 0.255 0.7825 0.28375
0 0.5875 0.0025 0.62125 0.0525
0 0.55875 0.00375 0.58375 0.03375
0 0.2875 0.04 0.30375 0.075
0 0.68125 0.105 0.695 0.135
0 0.38 0.315 0.40625 0.3575
0 0.9175 0.075 0.945 0.13625
0 0.12375 0.0925 0.1375 0.115
