0 0.3125 0.34625 0.355 0.37875
0 0.35125 0.24375 0.38875 0.3
0 0.455 0.2575 0.47 0.285
0 0.54625 0.275 0.57 0.29875
0 0.66375 0.205 0.68125 0.23625
0 0.4175 0.3775 0.44125 0.41125
0 0.32 0.4775 0.35 0.515
0 0.3875 0.5575 0.4075 0.595
0 0.425 0.585 0.46125 0.645
0 0.5 0.5625 0.52875 0.6225
0 0.6025 0.56 0.61625 0.5875
0 0.89125 0.5825 0.92375 0.61875
0 0.71125 0.38375 0.72875 0.41875
0 0.87 0.71625 0.9075 0.76375
0 0.83125 0.52875 0.855 0.565
0 0.4825 0.46125 0.5275 0.525
0 0.45 0.42125 0.47375 0.46625
0 0.6425 0.4925 0.66125 0.51875
0 0.64375 0.2875 0.6575 0.32
0 0.3275 0.55625 0.35125 0.59625
0 0.62125 0.6775 0.65875 0.7225
0 0.37625 0.4675 0.3925 0.4975
0 0.3875 0.40375 0.4075 0.4425
0 0.8525 0.275 0.86625 0.29625
