0 0.22375 0.2375 0.24375 0.2675
0 0.29125 0.29 0.335 0.3475
0 0.25 0.38625 0.2925 0.44625
0 0.29375 0.44625 0.31875 0.48625
0 0.33 0.4425 0.37625 0.5275
0 0.3875 0.555 0.45625 0.6575
0 0.44625 0.48375 0.515 0.5975
0 0.56875 0.49375 0.605 0.565
0 0.53625 0.73875 0.57875 0.7875
0 0.5125 0.46 0.545 0.51375
0 0.435 0.36125 0.48875 0.43
0 0.38125 0.40125 0.425 0.45875
0 0.3675 0.28375 0.43125 0.325
0 0.37375 0.2375 0.40625 0.275
0 0.53375 0.28 0.5975 0.3575
0 0.585 0.3725 0.6075 0.4075
0 0.4825 0.20625 0.53625 0.285
0 0.56125 0.1475 0.61 0.205
0 0.49125 0.1125 0.50875 0.1525
0 0.51125 0.10375 0.5625 0.15875
0 0.4375 0.13375 0.4925 0.20375
0 0.435 0.075 0.46875 0.12625
0 0.37625 0.085 0.4125 0.1425
0 0.39375 0.00625 0.485 0.08625
0 0.49875 0.03 0.5725 0.085
0 0.73375 0.09125 0.765 0.14
0 0.75375 0.0425 0.79125 0.0925
0 0.6125 0.0725 0.6325 0.1125
0 0.435 0.3375 0.455 0.3725
0 0.48625 0.33625 0.52375 0.3725
0 0.60625 0.5925 0.63875 0.6275
0 0.17875 0.3725 0.21375 0.41
