0 0.40125 0.16125 0.43375 0.21125
0 0.33875 0.055 0.3675 0.105
0 0.59375 0.385 0.6275 0.44375
0 0.43125 0.3675 0.47625 0.4375
0 0.4075 0.32125 0.43625 0.355
0 0.725 0.19 0.7525 0.24
0 0.7 0.185 0.7225 0.22
0 0.67 0.6175 0.7075 0.645
0 0.64625 0.635 0.67125 0.655
0 0.6775 0.5975 0.71375 0.61375
0 0.625 0.585 0.65375 0.62125
0 0.57125 0.58 0.6075 0.61625
0 0.69625 0.07 0.7175 0.105
0 0.71125 0.1175 0.73 0.15
0 0.6275 0.1425 0.645 0.175
0 0.46375 0.34 0.47875 0.3725
0 0.475 0.335 0.48875 0.3675
0 0.4925 0.345 0.50375 0.36375
0 0.43125 0.29 0.45625 0.32125
0 0.55 0.53375 0.56375 0.56125
0 0.625 0.53 0.65875 0.585
