0 0.31375 0.5475 0.3525 0.6025
0 0.49625 0.52 0.53625 0.5625
0 0.68625 0.47 0.7125 0.52
0 0.365 0.36875 0.3875 0.40125
0 0.36875 0.345 0.39 0.36875
0 0.39375 0.2975 0.41375 0.32875
0 0.40125 0.345 0.42625 0.38
0 0.41125 0.385 0.4275 0.4275
0 0.45125 0.435 0.47625 0.49
0 0.45125 0.495 0.48375 0.53375
0 0.5425 0.40625 0.5575 0.42875
0 0.5775 0.38625 0.59875 0.4225
0 0.56375 0.43875 0.5775 0.46875
0 0.59875 0.425 0.6175 0.4675
0 0.68375 0.195 0.70125 0.22
0 0.34125 0.49375 0.355 0.51625
0 0.25875 0.06 0.28875 0.08
0 0.9125 0.4075 0.9475 0.45875
0 0.7425 0.405 0.75 0.42625
0 0.835 0.395 0.84375 0.415
0 0.95 0.3 0.97875 0.325
0 0.49 0.375 0.49625 0.39625
