0 0.1425 0.5125 0.215 0.57875
0 0.13375 0.07375 0.21 0.20875
0 0.1975 0.0675 0.27875 0.20125
0 0.3425 0.09625 0.38625 0.18375
0 0.3225 0.1675 0.36 0.21625
0 0.3475 0.195 0.39875 0.275
0 0.37875 0.2875 0.41125 0.3475
0 0.27875 0.28 0.3325 0.33375
0 0.42625 0.1225 0.47625 0.24875
0 0.5525 0.18375 0.58625 0.25
0 0.43875 0.2575 0.52 0.4025
0 0.62875 0.215 0.70375 0.31125
0 0.68375 0.065 0.7625 0.15125
0 0.715 0.2725 0.74125 0.32
0 0.73875 0.28125 0.77 0.315
0 0.77 0.38125 0.84125 0.4725
0 0.03625 0.41625 0.06875 0.5
0 0.32875 0.34625 0.37375 0.4075
0 0.26375 0.0325 0.2975 0.09625
0 0.20125 0.01 0.25875 0.07375
0 0.505 0.425 0.5425 0.4725
0 0.52625 0.31375 0.5775 0.38625
0 0.52625 0.2575 0.54625 0.2925
0 0.87 0.03625 0.98125 0.16625
0 0.13125 0.25 0.16375 0.3225
0 0.58125 0.25125 0.62125 0.32625
0 0.3775 0.4625 0.3925 0.49
0 0.56125 0.4625 0.59625 0.5075
0 0.28625 0.2475 0.30875 0.2825
0 0.4575 0.45625 0.4825 0.49375
