0 0.17 0.46875 0.21375 0.52
0 0.21 0.49125 0.25375 0.5425
0 0.26625 0.44 0.32 0.555
0 0.31 0.465 0.3825 0.5375
0 0.33375 0.41125 0.375 0.4775
0 0.3525 0.385 0.41875 0.47625
0 0.41125 0.3725 0.515 0.535
0 0.53 0.49 0.56625 0.55625
0 0.55875 0.38625 0.58375 0.4125
0 0.57 0.41125 0.59875 0.43375
0 0.5825 0.42 0.61 0.4525
0 0.50375 0.2425 0.53125 0.3025
0 0.425 0.235 0.46375 0.33
0 0.425 0.1925 0.455 0.2425
0 0.415 0.0575 0.45 0.12625
0 0.4525 0.095 0.4775 0.1425
0 0.50125 0.0075 0.55 0.1125
0 0.54875 0.02125 0.59875 0.1325
0 0.84375 0.44875 0.885 0.525
0 0.88125 0.58875 0.93 0.645
0 0.17375 0.3425 0.20625 0.3875
0 0.4325 0.03375 0.44375 0.06625
0 0.45875 0.0275 0.47125 0.07
0 0.475 0.0325 0.48875 0.07
0 0.39125 0.0 0.4225 0.04
0 0.40875 0.01625 0.42875 0.06125
0 0.63125 0.0175 0.65375 0.0725
0 0.5925 0.01125 0.62875 0.0725
0 0.60125 0.5 0.64625 0.5775
0 0.7175 0.48 0.755 0.5325
0 0.755 0.485 0.80875 0.535
0 0.93625 0.635 0.9825 0.6725
0 0.70125 0.64625 0.73125 0.69
0 0.2175 0.555 0.24625 0.59625
0 0.4125 0.54375 0.44375 0.5925
