0 0.51625 0.5525 0.59375 0.6675
0 0.69625 0.455 0.71375 0.51
0 0.49375 0.33125 0.53125 0.4
0 0.46 0.2375 0.49375 0.31375
0 0.4225 0.315 0.47625 0.39
0 0.41375 0.4 0.47875 0.4925
0 0.2625 0.5125 0.2975 0.57375
0 0.31375 0.3875 0.34 0.455
0 0.3225 0.315 0.39 0.36375
0 0.38 0.245 0.41375 0.31375
0 0.34875 0.22 0.375 0.2725
0 0.38875 0.15875 0.4125 0.22375
0 0.2675 0.19 0.295 0.2475
0 0.18625 0.17 0.20875 0.215
0 0.11375 0.165 0.1475 0.23
0 0.14375 0.3525 0.18875 0.44625
0 0.04 0.305 0.09625 0.3775
0 0.0 0.34625 0.03625 0.42125
0 0.13875 0.8825 0.26 1.0
0 0.895 0.4025 0.93375 0.4625
0 0.505 0.1575 0.51375 0.195
0 0.26375 0.12125 0.2725 0.1425
