0 0.09625 0.0 0.12375 0.065
0 0.26 0.3725 0.3275 0.48
0 0.3175 0.3025 0.3775 0.38875
0 0.34625 0.05625 0.3775 0.14
0 0.4225 0.0525 0.45 0.1275
0 0.5475 0.10375 0.58 0.19
0 0.6725 0.15875 0.71125 0.23875
0 0.69625 0.0525 0.72625 0.1475
0 0.77 0.23125 0.8175 0.30625
0 0.705 0.3475 0.805 0.405
0 0.48 0.3875 0.51125 0.4725
0 0.505 0.4525 0.53625 0.5325
0 0.86875 0.21625 0.93375 0.33625
0 0.90375 0.535 0.98 0.64
0 0.8875 0.37875 0.9775 0.4975
0 0.73625 0.74875 0.81375 0.82125
0 0.73625 0.535 0.78625 0.59625
0 0.225 0.2175 0.24625 0.25875
0 0.82875 0.0425 0.865 0.1075
0 0.16625 0.0 0.19625 0.07
