0 0.405 0.25 0.42375 0.28375
0 0.45 0.4 0.46875 0.4325
0 0.48625 0.39 0.505 0.4325
0 0.52 0.53125 0.55625 0.58
0 0.40125 0.7 0.42625 0.72375
0 0.71 0.5575 0.73375 0.60375
0 0.67625 0.53375 0.68875 0.56875
0 0.87625 0.205 0.92 0.2525
0 0.48875 0.7075 0.50625 0.735
0 0.39 0.365 0.4125 0.4
0 0.05625 0.4025 0.07375 0.4275
0 0.43 0.33 0.4425 0.36
0 0.445 0.32 0.455 0.34875
0 0.39125 0.30625 0.4125 0.32875
0 0.685 0.3825 0.70125 0.41625
0 0.53875 0.3975 0.54875 0.4225
0 0.67 0.4475 0.6825 0.46625
0 0.575 0.73625 0.58375 0.75375
0 0.42875 0.39 0.445 0.41875
0 0.6025 0.695 0.62875 0.7225
0 0.695 0.4925 0.71625 0.51375
0 0.515 0.26625 0.52625 0.2825
0 0.58125 0.22875 0.58875 0.24375
