0 0.16875 0.17125 0.21875 0.2475
0 0.17 0.0 0.2375 0.06
0 0.2825 0.325 0.31125 0.37875
0 0.33625 0.5875 0.3825 0.65
0 0.81875 0.46625 0.895 0.57
0 0.8525 0.56625 0.89375 0.62875
0 0.86875 0.62625 0.94375 0.68375
0 0.78625 0.65375 0.83 0.705
0 0.86875 0.18375 0.9325 0.295
0 0.82 0.02 0.855 0.105
0 0.3325 0.3975 0.355 0.435
0 0.37 0.5 0.39 0.5325
0 0.585 0.525 0.6 0.555
0 0.72 0.37625 0.7625 0.4875
0 0.76625 0.29875 0.7775 0.33
0 0.74875 0.1025 0.775 0.1625
0 0.48375 0.09 0.4975 0.1375
0 0.30125 0.0 0.33625 0.06875
0 0.86 0.715 0.89375 0.75125
0 0.8775 0.86625 0.9325 0.925
0 0.895 0.43 0.92 0.47625
