0 0.25625 0.40875 0.32875 0.5125
0 0.29125 0.26 0.37 0.3675
0 0.34875 0.2275 0.40125 0.2875
0 0.36875 0.2775 0.43625 0.47625
0 0.43875 0.2675 0.46125 0.35
0 0.48625 0.26375 0.55 0.325
0 0.515 0.15125 0.555 0.23375
0 0.54625 0.1875 0.61375 0.2875
0 0.57625 0.2775 0.61 0.3575
0 0.5875 0.39 0.60875 0.44125
0 0.7 0.4 0.73 0.47375
0 0.4875 0.4925 0.52 0.575
0 0.52875 0.47625 0.62875 0.65
0 0.5825 0.58125 0.71625 0.725
0 0.49625 0.735 0.635 0.82
0 0.49875 0.82875 0.57375 0.94125
0 0.41125 0.6225 0.50125 0.7225
0 0.385 0.55 0.45 0.63625
0 0.25375 0.9325 0.305 0.9875
0 0.74875 0.3 0.78 0.3675
0 0.6475 0.1925 0.67 0.23
0 0.28875 0.01625 0.3025 0.05875
