0 0.09875 0.5425 0.125 0.575
0 0.07 0.7 0.14375 0.75
0 0.1175 0.8475 0.1575 0.8925
0 0.2075 0.77375 0.24125 0.81375
0 0.06 0.8925 0.09875 0.91875
0 0.21625 0.91 0.25125 0.95625
0 0.48625 0.42875 0.51625 0.4725
0 0.42125 0.40375 0.44375 0.43875
0 0.95375 0.79375 0.99375 0.83625
0 0.575 0.71 0.61125 0.75375
0 0.1925 0.30125 0.21125 0.3375
0 0.50625 0.48625 0.545 0.525
0 0.39875 0.35875 0.42625 0.38625
0 0.2625 0.7225 0.2775 0.75875
0 0.95375 0.14 0.98875 0.2
0 0.89375 0.475 0.91125 0.505
0 0.56875 0.58875 0.5825 0.61
