0 0.08 0.8725 0.1275 0.92125
0 0.19375 0.9475 0.22625 1.0
0 0.21875 0.7025 0.2575 0.78625
0 0.175 0.73875 0.21625 0.79125
0 0.2 0.62 0.225 0.67625
0 0.23125 0.58875 0.26 0.63375
0 0.46875 0.785 0.48625 0.825
0 0.495 0.78875 0.51125 0.82875
0 0.815 0.8725 0.85 0.92
0 0.84375 0.7525 0.87 0.77625
0 0.84375 0.6925 0.865 0.725
0 0.815 0.57875 0.84 0.60375
0 0.80625 0.465 0.85875 0.53875
0 0.77 0.47375 0.79875 0.50125
0 0.7825 0.5025 0.805 0.5325
0 0.68625 0.54625 0.75625 0.71875
0 0.55375 0.495 0.57 0.53125
0 0.5225 0.25875 0.5575 0.3075
0 0.54375 0.2 0.57625 0.245
0 0.38625 0.2775 0.4025 0.29375
0 0.2275 0.39 0.26875 0.41875
0 0.2875 0.23375 0.3275 0.2925
0 0.64875 0.22125 0.65875 0.25
0 0.7575 0.12375 0.7975 0.18875
0 0.88875 0.2925 0.91875 0.34875
0 0.92625 0.275 0.98125 0.34
0 0.9475 0.2425 0.98125 0.2775
0 0.95625 0.85625 0.98125 0.88375
0 0.24875 0.80375 0.27125 0.84125
0 0.2625 0.75625 0.27875 0.78125
0 0.2175 0.82125 0.235 0.85125
