0 0.3475 0.48375 0.37375 0.51375
0 0.415 0.46375 0.4325 0.49125
0 0.36875 0.41375 0.38375 0.43375
0 0.21875 0.53 0.23375 0.55
0 0.25 0.22 0.28375 0.2825
0 0.16 0.185 0.1875 0.24625
0 0.26375 0.1475 0.28125 0.19125
0 0.57875 0.2525 0.6 0.27875
0 0.6175 0.25625 0.6275 0.27125
0 0.6075 0.41 0.6175 0.4325
0 0.60625 0.44625 0.6175 0.46125
0 0.53125 0.44 0.55 0.48
0 0.53125 0.37375 0.5675 0.3975
0 0.27875 0.005 0.3175 0.0375
0 0.19 0.00375 0.22125 0.035
0 0.19375 0.045 0.2175 0.07125
0 0.8575 0.46 0.8875 0.50625
0 0.68625 0.39125 0.72625 0.41125
0 0.65875 0.39625 0.67375 0.4225
0 0.68125 0.7725 0.69625 0.80375
0 0.67125 0.01875 0.68375 0.0525
0 0.505 0.03625 0.5275 0.07875
0 0.58875 0.105 0.6025 0.125
0 0.59625 0.0575 0.60875 0.09
0 0.52 0.215 0.53125 0.2425
0 0.345 0.21125 0.3625 0.235
0 0.41 0.1825 0.425 0.205
0 0.375 0.035 0.3975 0.05
0 0.96 0.5075 0.98125 0.53125
