0 0.2925 0.70125 0.32875 0.75625
0 0.21375 0.7425 0.24625 0.775
0 0.3775 0.84625 0.3925 0.865
0 0.525 0.9075 0.54375 0.93
0 0.475 0.6 0.495 0.6225
0 0.5 0.57875 0.52625 0.61875
0 0.5825 0.475 0.6 0.49
0 0.46875 0.51125 0.4925 0.54625
0 0.485 0.49375 0.49625 0.51
0 0.495 0.47375 0.5225 0.50875
0 0.42375 0.45125 0.44 0.47375
0 0.4 0.38 0.4325 0.4325
0 0.36875 0.64 0.39125 0.66
0 0.07875 0.1675 0.105 0.20375
0 0.1875 0.07 0.225 0.1225
0 0.23125 0.1 0.2475 0.12
0 0.26125 0.12 0.285 0.145
0 0.31375 0.1075 0.335 0.13625
0 0.3575 0.10625 0.375 0.12
0 0.38 0.0675 0.41 0.11
0 0.40875 0.04625 0.4275 0.07375
0 0.44375 0.02125 0.46125 0.05375
0 0.41875 0.13125 0.4625 0.205
0 0.49125 0.10875 0.51875 0.15625
0 0.575 0.06125 0.59375 0.0975
0 0.64125 0.2075 0.655 0.2275
0 0.645 0.01 0.7175 0.12625
0 0.63625 0.2675 0.7425 0.3725
0 0.77 0.2025 0.855 0.3175
0 0.875 0.35875 0.9 0.40625
0 0.68125 0.6025 0.695 0.62375
0 0.9125 0.58375 0.9325 0.60125
0 0.79125 0.9725 0.84 0.9975
