0 0.12125 0.0575 0.16 0.105
0 0.10375 0.00125 0.13875 0.0425
0 0.16875 0.38875 0.2125 0.47125
0 0.1625 0.5525 0.195 0.62625
0 0.23625 0.60125 0.26 0.645
0 0.245 0.555 0.29625 0.61625
0 0.2975 0.56375 0.3425 0.6025
0 0.2775 0.6275 0.30625 0.65
0 0.3025 0.775 0.35 0.8325
0 0.38875 0.675 0.415 0.725
0 0.425 0.48875 0.47875 0.6
0 0.4475 0.615 0.5025 0.72875
0 0.48125 0.57875 0.51 0.61875
0 0.50375 0.63625 0.5225 0.6725
0 0.52125 0.695 0.5425 0.73125
0 0.5575 0.86625 0.6075 0.96
0 0.605 0.8425 0.64125 0.90375
0 0.63125 0.915 0.65125 0.96375
0 0.6625 0.96375 0.6925 0.995
0 0.745 0.94625 0.81 0.9975
0 0.7675 0.88125 0.8025 0.94
0 0.88 0.8525 0.9125 0.91
0 0.8875 0.7625 0.91125 0.7975
0 0.945 0.795 1.0 0.8475
0 0.95125 0.7375 1.0 0.79875
0 0.8675 0.59875 0.94 0.67
0 0.93375 0.65625 0.955 0.69
0 0.91875 0.5625 0.975 0.61375
0 0.9275 0.50625 0.99125 0.55875
0 0.8575 0.5325 0.9125 0.57875
0 0.5325 0.56625 0.56875 0.6125
0 0.58875 0.5275 0.62 0.5725
0 0.54375 0.48375 0.5625 0.5125
0 0.38625 0.3275 0.41875 0.4
0 0.34125 0.385 0.355 0.41875
0 0.3425 0.4475 0.35875 0.48125
0 0.37625 0.45 0.39625 0.48375
0 0.39 0.20125 0.40625 0.24
0 0.38625 0.0875 0.405 0.1275
0 0.50125 0.11125 0.54625 0.23
0 0.53 0.2575 0.56375 0.3075
0 0.5025 0.2925 0.53375 0.32125
0 0.4875 0.36125 0.50625 0.3975
0 0.445 0.4 0.49 0.47375
0 0.58125 0.3575 0.61 0.4225
0 0.535 0.325 0.5625 0.36375
0 0.57 0.29875 0.6075 0.34625
0 0.61375 0.25 0.63375 0.305
0 0.64 0.21875 0.66625 0.31875
0 0.6875 0.33625 0.7225 0.42375
0 0.70875 0.2775 0.75375 0.3425
0 0.725 0.215 0.74 0.255
0 0.76125 0.20625 0.775 0.23125
0 0.6775 0.175 0.7075 0.24
0 0.69375 0.1575 0.7075 0.185
0 0.69 0.0475 0.73875 0.13125
0 0.7625 0.0525 0.80625 0.12125
0 0.75 0.01625 0.7825 0.06
0 0.66375 0.025 0.6825 0.06375
0 0.53875 0.02875 0.5925 0.09
0 0.5125 0.0025 0.54375 0.05125
0 0.86875 0.2875 0.89875 0.36
0 0.81625 0.52625 0.845 0.575
0 0.79 0.50625 0.81125 0.54
0 0.8075 0.475 0.835 0.515
0 0.8325 0.46125 0.83875 0.485
0 0.7875 0.395 0.8325 0.4475
0 0.86 0.11375 0.92625 0.24
0 0.82 0.12875 0.865 0.175
0 0.81625 0.06 0.90625 0.1225
0 0.865 0.00875 0.935 0.07625
0 0.0 0.0325 0.01875 0.06375
0 0.65875 0.66 0.70125 0.7475
0 0.72 0.6775 0.75 0.73625
0 0.63375 0.6225 0.6575 0.67625
0 0.66 0.8325 0.685 0.85875
0 0.94375 0.405 0.98875 0.47125
