0 0.27625 0.87 0.29625 0.9
0 0.2 0.75875 0.2225 0.79
0 0.2725 0.74 0.28375 0.76875
0 0.2875 0.73875 0.3075 0.77625
0 0.3775 0.80875 0.3875 0.8475
0 0.59625 0.61625 0.62875 0.65
0 0.64 0.49 0.66375 0.51
0 0.67 0.3675 0.68875 0.39625
0 0.6 0.31375 0.62125 0.3475
0 0.49 0.225 0.5175 0.2575
0 0.5575 0.185 0.5775 0.225
0 0.71 0.1325 0.725 0.17125
0 0.805 0.17125 0.82125 0.2025
0 0.7875 0.26 0.80625 0.29125
0 0.8125 0.57125 0.8375 0.6225
0 0.87875 0.7225 0.89625 0.75
0 0.67375 0.70375 0.705 0.725
0 0.74 0.84875 0.75875 0.86875
0 0.65375 0.805 0.67375 0.83625
0 0.54375 0.7375 0.56125 0.76375
0 0.2025 0.61 0.24 0.645
0 0.0575 0.675 0.075 0.69625
0 0.03 0.7 0.05 0.735
0 0.05 0.56125 0.0725 0.58875
0 0.1575 0.42125 0.175 0.4425
0 0.31875 0.42 0.33375 0.4425
0 0.56125 0.5625 0.58125 0.58625
0 0.24375 0.085 0.265 0.1275
0 0.07625 0.055 0.1 0.1
0 0.1425 0.0625 0.16875 0.1
0 0.37875 0.03 0.4025 0.07
0 0.60125 0.9675 0.625 1.0
0 0.44375 0.61375 0.47125 0.65625
0 0.3825 0.57875 0.39625 0.6025
0 0.3425 0.525 0.365 0.55625
0 0.3375 0.56625 0.35875 0.585
0 0.32875 0.5925 0.345 0.62375
0 0.3425 0.60125 0.36375 0.63375
0 0.38 0.25375 0.395 0.28125
0 0.56875 0.32375 0.58125 0.3525
0 0.5275 0.4175 0.54125 0.44375
0 0.04375 0.33625 0.07 0.3675
0 0.25 0.68125 0.26625 0.7175
