0 0.15625 0.63625 0.21 0.71
0 0.4875 0.65625 0.52875 0.71
0 0.5825 0.7325 0.59625 0.76
0 0.59375 0.7575 0.60875 0.785
0 0.6125 0.78625 0.63625 0.80625
0 0.7025 0.79375 0.76125 0.865
0 0.7175 0.89125 0.755 0.9375
0 0.7075 0.48 0.75125 0.53125
0 0.7525 0.5275 0.7875 0.5575
0 0.505 0.33625 0.545 0.3775
0 0.4375 0.395 0.45875 0.41875
0 0.28125 0.2575 0.3225 0.30625
0 0.2375 0.15125 0.27 0.1975
0 0.41875 0.14875 0.45 0.18375
0 0.40625 0.26 0.435 0.2925
0 0.35 0.28 0.38625 0.30375
0 0.37375 0.07125 0.3875 0.0975
0 0.93875 0.5025 0.97875 0.5575
0 0.81375 0.2425 0.85 0.28125
0 0.77375 0.265 0.79375 0.29
0 0.86125 0.1725 0.89375 0.2225
0 0.03125 0.43625 0.04875 0.46625
0 0.94625 0.80125 0.98 0.835
0 0.885 0.82125 0.91625 0.87
0 0.87875 0.75375 0.90875 0.785
0 0.84 0.785 0.865 0.8325
0 0.38125 0.34 0.4125 0.38125
0 0.48375 0.51375 0.54 0.5525
