0 0.17125 0.27875 0.215 0.35125
0 0.18875 0.41375 0.23875 0.47875
0 0.23125 0.53625 0.25625 0.565
0 0.275 0.35625 0.315 0.405
0 0.3625 0.15 0.3875 0.2075
0 0.15875 0.04 0.1825 0.095
0 0.30875 0.04 0.34625 0.07
0 0.33875 0.0 0.37125 0.0525
0 0.48875 0.685 0.5525 0.75
0 0.4125 0.76375 0.44375 0.86125
0 0.30625 0.6425 0.345 0.68375
0 0.33875 0.60375 0.36875 0.6525
0 0.48 0.49 0.4975 0.52625
0 0.1625 0.585 0.1775 0.60625
0 0.12 0.49625 0.1475 0.5275
0 0.63 0.78375 0.66125 0.82875
0 0.60375 0.21125 0.63875 0.24125
