0 0.58875 0.8725 0.6025 0.9075
0 0.63 0.8525 0.64625 0.87
0 0.96875 0.63875 0.995 0.6875
0 0.82375 0.50375 0.845 0.53625
0 0.705 0.48375 0.72875 0.51375
0 0.6575 0.52 0.69625 0.56125
0 0.6525 0.42875 0.67625 0.465
0 0.4975 0.37375 0.53625 0.44125
0 0.4325 0.54625 0.45625 0.56875
0 0.40625 0.51 0.425 0.53125
0 0.08 0.7125 0.10875 0.7425
0 0.1 0.41625 0.1275 0.45125
0 0.09875 0.32625 0.13625 0.3725
0 0.28875 0.22625 0.30625 0.2575
0 0.3 0.39625 0.31625 0.41375
0 0.29375 0.51 0.30875 0.52875
0 0.22875 0.36375 0.2525 0.395
0 0.23125 0.0 0.25 0.0325
0 0.4675 0.02875 0.48875 0.07125
0 0.48125 0.16375 0.525 0.20125
0 0.605 0.2425 0.63625 0.29
0 0.74125 0.185 0.76375 0.215
0 0.66625 0.17125 0.695 0.18875
0 0.665 0.20375 0.685 0.22875
0 0.7875 0.0175 0.83 0.055
0 0.41375 0.65375 0.4325 0.67875
0 0.32375 0.8075 0.355 0.835
0 0.40875 0.91375 0.42 0.9325
0 0.45375 0.9 0.46625 0.92625
0 0.54625 0.945 0.565 0.9725
0 0.5475 0.40375 0.5675 0.435
0 0.50625 0.325 0.52 0.34875
0 0.5525 0.2325 0.57375 0.2725
0 0.66875 0.585 0.685 0.61375
0 0.105 0.22 0.1325 0.255
0 0.20375 0.06125 0.23 0.1
0 0.30375 0.17 0.32375 0.195
0 0.2975 0.0 0.3175 0.0675
