0 0.095 0.78125 0.13125 0.825
0 0.02125 0.71125 0.06 0.74625
0 0.045 0.63 0.0875 0.68625
0 0.07375 0.48875 0.13375 0.55125
0 0.005 0.385 0.0425 0.42875
0 0.0 0.19375 0.0475 0.26
0 0.19375 0.185 0.2125 0.2075
0 0.2125 0.2075 0.22625 0.235
0 0.22875 0.20125 0.24625 0.2275
0 0.25125 0.22125 0.2925 0.28875
0 0.3125 0.25625 0.32625 0.2925
0 0.28375 0.315 0.305 0.3375
0 0.27375 0.40625 0.295 0.43125
0 0.3225 0.35125 0.36875 0.42125
0 0.3675 0.365 0.395 0.41625
0 0.41375 0.2 0.43 0.2325
0 0.43875 0.1725 0.45 0.20625
0 0.5125 0.17625 0.5375 0.21625
0 0.53 0.0975 0.5475 0.13875
0 0.5175 0.01 0.53125 0.0425
0 0.385 0.48125 0.405 0.5225
0 0.41 0.47125 0.435 0.5525
0 0.43875 0.555 0.45625 0.5825
0 0.49375 0.62 0.50625 0.66375
0 0.45875 0.65125 0.4775 0.67375
0 0.5075 0.67875 0.5375 0.71375
0 0.575 0.65625 0.6025 0.725
0 0.69625 0.6175 0.74125 0.66
0 0.7675 0.53875 0.79125 0.58875
0 0.90375 0.3625 0.92375 0.3925
0 0.92375 0.3375 0.945 0.36125
0 0.93 0.2775 0.95875 0.305
0 0.8775 0.14375 0.9075 0.17625
0 0.595 0.1925 0.61125 0.21375
0 0.63125 0.15375 0.6425 0.19
0 0.15 0.3075 0.17 0.335
