0 0.555 0.84625 0.6 0.91875
0 0.5475 0.9475 0.57875 0.98
0 0.4425 0.9075 0.4775 0.945
0 0.38875 0.9575 0.42875 1.0
0 0.4475 0.7175 0.4775 0.7775
0 0.4 0.615 0.42625 0.64875
0 0.27125 0.425 0.30625 0.4575
0 0.4525 0.25125 0.48875 0.2875
0 0.5475 0.31125 0.57875 0.36375
0 0.58625 0.31125 0.6275 0.345
0 0.6 0.525 0.6275 0.55625
0 0.6 0.17125 0.66375 0.2325
0 0.83 0.03125 0.8625 0.09
0 0.91625 0.4325 0.945 0.4725
0 0.91 0.2025 0.93125 0.23
0 0.95375 0.7575 1.0 0.84875
0 0.38625 0.36 0.42625 0.39
0 0.635 0.35875 0.645 0.37875
0 0.525 0.675 0.55625 0.71375
0 0.77875 0.715 0.79375 0.74125
0 0.78625 0.66375 0.82 0.70125
0 0.8425 0.635 0.86 0.66125
0 0.75875 0.6275 0.77125 0.665
0 0.79375 0.4925 0.8175 0.51875
0 0.7225 0.3775 0.73125 0.38875
