0 0.36625 0.77875 0.42125 0.87375
0 0.58375 0.8675 0.65 0.96
0 0.7125 0.73 0.7375 0.81125
0 0.93375 0.5725 0.98875 0.62875
0 0.6825 0.4275 0.71375 0.52
0 0.4225 0.4575 0.4475 0.505
0 0.5025 0.2225 0.56625 0.3525
0 0.45625 0.145 0.495 0.1975
0 0.4 0.035 0.435 0.1
0 0.72375 0.33375 0.75 0.37625
0 0.7725 0.3575 0.79375 0.39875
0 0.82875 0.33875 0.845 0.3775
0 0.89125 0.43625 0.9075 0.46875
0 0.9125 0.36625 0.93875 0.41625
0 0.6475 0.41625 0.665 0.46125
0 0.65 0.3225 0.68125 0.36375
0 0.60625 0.25 0.64125 0.26875
0 0.615 0.285 0.63125 0.3175
0 0.6425 0.1925 0.67875 0.24
0 0.62875 0.03875 0.66375 0.08125
0 0.6625 0.06125 0.685 0.11
0 0.85 0.0 0.8875 0.065
