0 0.13875 0.475 0.18125 0.515
0 0.17125 0.39 0.2075 0.4325
0 0.2325 0.37625 0.25875 0.4175
0 0.32 0.3525 0.39375 0.4025
0 0.475 0.45375 0.5075 0.495
0 0.65875 0.4525 0.72 0.505
0 0.65375 0.55625 0.695 0.6125
0 0.4275 0.605 0.46375 0.665
0 0.3275 0.64375 0.345 0.69125
0 0.3525 0.64 0.4 0.6925
0 0.3075 0.5875 0.32625 0.61125
0 0.2175 0.63 0.26 0.67625
0 0.1025 0.80625 0.12875 0.84125
0 0.77375 0.935 0.82625 0.9925
0 0.9225 0.48375 0.95 0.5125
0 0.6075 0.5425 0.62625 0.58375
0 0.47875 0.80125 0.5075 0.8325
0 0.43 0.9675 0.45625 1.0
0 0.68125 0.83 0.7075 0.8625
0 0.5075 0.2625 0.54375 0.31375
0 0.86875 0.58625 0.8975 0.6275
