0 0.23375 0.8175 0.2525 0.86125
0 0.15625 0.75875 0.1725 0.79625
0 0.0475 0.85375 0.07875 0.88875
0 0.08375 0.8 0.10125 0.83625
0 0.10625 0.795 0.1225 0.8325
0 0.20375 0.48625 0.2225 0.52
0 0.29375 0.37 0.33375 0.4
0 0.335 0.335 0.35 0.3675
0 0.4575 0.3025 0.47375 0.34625
0 0.5475 0.5975 0.56125 0.62125
0 0.63625 0.58875 0.65 0.63125
0 0.1025 0.01125 0.12875 0.055
0 0.26625 0.03375 0.28 0.065
0 0.245 0.1 0.25875 0.1225
0 0.49125 0.035 0.50625 0.06
0 0.24 0.33875 0.26375 0.36875
0 0.025 0.5325 0.04875 0.56
0 0.06 0.395 0.0775 0.415
0 0.065 0.60125 0.08375 0.64375
0 0.07625 0.56625 0.105 0.59125
0 0.50375 0.24 0.525 0.2875
