0 0.2975 0.50125 0.3275 0.57125
0 0.3975 0.6425 0.4475 0.705
0 0.38625 0.91 0.42 0.99125
0 0.44125 0.83 0.49625 0.90375
0 0.41625 0.44 0.4375 0.51625
0 0.3025 0.2225 0.3375 0.27625
0 0.36625 0.0025 0.39 0.07
0 0.44125 0.30625 0.47375 0.39
0 0.5075 0.4425 0.54375 0.49
0 0.535 0.2775 0.55625 0.30375
0 0.58125 0.1475 0.62875 0.20875
0 0.88125 0.2575 0.94125 0.34375
0 0.935 0.1775 0.955 0.2175
0 0.87625 0.7275 0.925 0.77125
0 0.66 0.53625 0.675 0.57625
0 0.8225 0.49625 0.85625 0.55125
0 0.6125 0.4625 0.6425 0.50875
0 0.56625 0.4225 0.5925 0.4725
0 0.8225 0.61375 0.84125 0.65125
0 0.66375 0.36125 0.6775 0.405
