0 0.3175 0.635 0.345 0.6875
0 0.27375 0.6325 0.295 0.66375
0 0.3525 0.67 0.37 0.72875
0 0.47 0.63625 0.48625 0.6975
0 0.45625 0.62375 0.475 0.65
0 0.35125 0.47 0.37875 0.55375
0 0.3875 0.57 0.40375 0.59625
0 0.3825 0.5 0.40625 0.5525
0 0.38875 0.4675 0.42875 0.51375
0 0.41875 0.5175 0.43625 0.58625
0 0.45125 0.54375 0.47125 0.57875
0 0.47125 0.58125 0.48125 0.60375
0 0.44875 0.48125 0.465 0.53125
0 0.4725 0.485 0.495 0.53625
0 0.4875 0.4425 0.4975 0.47
0 0.5075 0.4 0.54375 0.44125
0 0.55 0.46375 0.57375 0.4925
0 0.5675 0.48875 0.58375 0.52125
0 0.6125 0.3875 0.63 0.405
0 0.50125 0.3225 0.52375 0.3575
0 0.455 0.40375 0.4725 0.45375
0 0.4425 0.3775 0.45625 0.41
0 0.5725 0.43875 0.5875 0.455
