0 0.1425 0.76625 0.18375 0.8325
0 0.16875 0.79 0.235 0.86
0 0.325 0.96125 0.345 1.0
0 0.37 0.96375 0.39875 1.0
0 0.4 0.94875 0.425 1.0
0 0.41875 0.8525 0.48 0.9425
0 0.37 0.51 0.42625 0.59125
0 0.4125 0.565 0.46375 0.6425
0 0.4525 0.53625 0.4775 0.57
0 0.445 0.6475 0.5025 0.72625
0 0.63875 0.58625 0.66625 0.625
0 0.64375 0.5075 0.6675 0.5525
0 0.71625 0.57375 0.74875 0.61375
0 0.17375 0.03125 0.215 0.1175
0 0.1275 0.0175 0.18 0.0575
0 0.0425 0.2575 0.06875 0.28125
0 0.32875 0.23 0.37375 0.265
0 0.7 0.085 0.76125 0.135
0 0.75375 0.2475 0.8125 0.28625
0 0.80625 0.365 0.8225 0.405
0 0.76125 0.3725 0.7975 0.4025
0 0.80625 0.63875 0.835 0.69
0 0.90375 0.63875 0.945 0.67375
0 0.87 0.6425 0.9025 0.69
0 0.88125 0.74 0.9375 0.77875
0 0.5625 0.94875 0.5825 0.96875
0 0.575 0.9775 0.59875 1.0
0 0.67875 0.74875 0.6975 0.76625
0 0.4325 0.44875 0.5075 0.5175
0 0.5425 0.40625 0.58875 0.44375
0 0.8575 0.83 0.875 0.86
