0 0.1475 0.1725 0.1875 0.225
0 0.2225 0.475 0.285 0.54625
0 0.24625 0.5525 0.3 0.6175
0 0.31875 0.64625 0.34625 0.72
0 0.295 0.6475 0.3175 0.67875
0 0.38 0.72125 0.4225 0.78
0 0.39375 0.79 0.43 0.8175
0 0.3975 0.61625 0.44375 0.68125
0 0.35875 0.615 0.37625 0.6325
0 0.34625 0.56875 0.3925 0.5975
0 0.35875 0.52875 0.40125 0.5725
0 0.395 0.50125 0.40875 0.53625
0 0.53625 0.565 0.625 0.6425
0 0.6525 0.645 0.74 0.73875
0 0.91375 0.55625 0.95125 0.6
0 0.58875 0.8375 0.63375 0.87125
0 0.7325 0.04 0.74875 0.09
0 0.78125 0.02125 0.80625 0.06
0 0.77125 0.37375 0.82 0.415
0 0.7925 0.42125 0.81 0.44875
0 0.96625 0.225 1.0 0.2875
0 0.58125 0.22375 0.61375 0.2625
0 0.56625 0.34625 0.59125 0.3775
0 0.58875 0.11 0.60875 0.145
0 0.50125 0.315 0.52125 0.3425
0 0.2675 0.27875 0.3075 0.33125
0 0.94625 0.7275 1.0 0.765
