0 0.065 0.66375 0.1075 0.69
0 0.11 0.35125 0.17375 0.3975
0 0.1825 0.555 0.215 0.60625
0 0.3775 0.40375 0.44375 0.44
0 0.41375 0.44 0.45125 0.4775
0 0.50625 0.4025 0.54875 0.4375
0 0.4875 0.56375 0.51125 0.59
0 0.1475 0.80375 0.18875 0.8325
0 0.2025 0.775 0.23125 0.80125
0 0.40625 0.83625 0.44875 0.87625
0 0.555 0.75875 0.5875 0.79625
0 0.58875 0.96125 0.63625 0.99875
0 0.72125 0.2575 0.765 0.29875
0 0.37125 0.15375 0.4025 0.195
0 0.23 0.2825 0.27125 0.31375
0 0.1075 0.15 0.1525 0.18125
0 0.1825 0.27125 0.1925 0.29
0 0.20625 0.2725 0.215 0.28875
