0 0.0375 0.38125 0.0775 0.43
0 0.19125 0.61 0.22125 0.6625
0 0.25875 0.45875 0.29375 0.52125
0 0.2575 0.4 0.285 0.43125
0 0.4125 0.4575 0.4575 0.50875
0 0.43875 0.48 0.48625 0.54
0 0.35875 0.69875 0.4125 0.77875
0 0.66625 0.62875 0.70125 0.67
0 0.80125 0.55375 0.84125 0.6
0 0.66625 0.47875 0.7175 0.53625
0 0.44625 0.315 0.53375 0.38625
0 0.61125 0.30375 0.65625 0.36
0 0.7925 0.125 0.825 0.1975
0 0.85625 0.14875 0.9125 0.2025
0 0.91125 0.0 0.9825 0.03625
0 0.5125 0.0725 0.52875 0.11125
0 0.66375 0.04 0.6775 0.0825
0 0.4325 0.17 0.4625 0.2075
0 0.2875 0.16875 0.325 0.19
0 0.9525 0.55875 0.98125 0.5925
0 0.95 0.415 0.97125 0.47
0 0.905 0.60375 0.92125 0.635
0 0.78125 0.60375 0.79375 0.6525
0 0.92 0.64 0.9425 0.67625
0 0.97375 0.68125 1.0 0.72
0 0.74875 0.84125 0.76125 0.8675
0 0.6575 0.8175 0.66875 0.8525
0 0.3125 0.60375 0.33375 0.63125
