0 0.325 0.03625 0.38125 0.07625
0 0.39125 0.08 0.4625 0.1475
0 0.40625 0.0225 0.4475 0.07625
0 0.4375 0.015 0.45625 0.04125
0 0.4775 0.0275 0.5175 0.07375
0 0.51625 0.025 0.53375 0.0775
0 0.53875 0.045 0.555 0.08125
0 0.555 0.01875 0.575 0.05875
0 0.545 0.08 0.59 0.1325
0 0.5775 0.045 0.59625 0.085
0 0.5975 0.03 0.6125 0.08125
0 0.635 0.14 0.6875 0.175
0 0.71375 0.275 0.755 0.345
0 0.865 0.00375 0.905 0.0675
0 0.3375 0.6 0.3625 0.62875
0 0.33625 0.66625 0.3625 0.71875
0 0.36125 0.64 0.37375 0.65875
0 0.37125 0.5925 0.40875 0.63375
0 0.43375 0.59125 0.45 0.61625
0 0.4275 0.71125 0.455 0.75625
0 0.42375 0.7625 0.44375 0.78
0 0.54625 0.6525 0.57375 0.7175
0 0.59375 0.805 0.65 0.885
0 0.57875 0.775 0.61 0.8225
0 0.5475 0.82875 0.57125 0.86125
0 0.575 0.82625 0.59375 0.8525
0 0.54375 0.80625 0.57625 0.83125
0 0.50375 0.91 0.55625 0.99375
0 0.73875 0.86625 0.775 0.9225
0 0.77375 0.86 0.80375 0.9
0 0.9275 0.53 0.99 0.58
