0 0.01625 0.3925 0.03 0.4075
0 0.0875 0.295 0.115 0.32375
0 0.04125 0.15875 0.0975 0.22125
0 0.14 0.2375 0.1575 0.25875
0 0.1425 0.285 0.16375 0.32875
0 0.14875 0.35 0.17 0.375
0 0.1875 0.3275 0.19875 0.3475
0 0.19125 0.36875 0.24375 0.4125
0 0.185 0.4025 0.19375 0.415
0 0.19875 0.4175 0.2175 0.4425
0 0.22125 0.405 0.25 0.4775
0 0.25875 0.4425 0.2675 0.46
0 0.275 0.445 0.29875 0.485
0 0.24875 0.42875 0.25375 0.44125
0 0.27125 0.24125 0.29625 0.27125
0 0.3025 0.215 0.34125 0.27
0 0.37 0.3075 0.38625 0.3625
0 0.27 0.3575 0.2975 0.38
0 0.28125 0.3375 0.29625 0.35625
0 0.4425 0.43375 0.45375 0.45125
0 0.455 0.4425 0.46875 0.4675
0 0.38125 0.47 0.43375 0.5225
0 0.46 0.51 0.4775 0.57
0 0.4425 0.32 0.455 0.3475
0 0.45625 0.3275 0.46375 0.345
0 0.47625 0.32625 0.4875 0.355
0 0.46 0.27875 0.4725 0.305
0 0.385 0.05625 0.43875 0.1125
0 0.4175 0.1175 0.43375 0.16125
0 0.40375 0.1525 0.4175 0.17
0 0.38375 0.13 0.3975 0.1575
0 0.38625 0.16875 0.395 0.19
0 0.42125 0.1775 0.4275 0.2025
0 0.23 0.0675 0.25875 0.10125
0 0.21 0.1175 0.23125 0.1725
0 0.25 0.1075 0.26875 0.12375
0 0.44875 0.16 0.47 0.22375
0 0.4725 0.15 0.49375 0.1925
0 0.43375 0.1925 0.45625 0.2575
0 0.3325 0.5825 0.36 0.6275
0 0.665 0.69 0.72 0.74
0 0.7025 0.69 0.74875 0.76375
0 0.7675 0.69875 0.80625 0.75
0 0.755 0.6325 0.77375 0.66375
0 0.72375 0.53375 0.75 0.55625
0 0.77125 0.58 0.81375 0.6225
0 0.7825 0.44375 0.8175 0.4875
0 0.755 0.445 0.76125 0.45375
0 0.82625 0.41 0.8325 0.4475
0 0.85125 0.40375 0.8625 0.425
0 0.87875 0.4275 0.88625 0.45125
0 0.63125 0.29 0.64875 0.3075
0 0.7025 0.335 0.71625 0.3675
0 0.67125 0.3575 0.68125 0.3725
0 0.76625 0.3025 0.79125 0.32875
0 0.74875 0.2825 0.75375 0.3125
0 0.69125 0.2475 0.7225 0.2975
0 0.665 0.2525 0.6725 0.2775
0 0.6675 0.16875 0.675 0.1925
0 0.65625 0.1725 0.665 0.19375
0 0.57875 0.1925 0.615 0.245
0 0.5825 0.1425 0.61125 0.1975
0 0.67875 0.1075 0.7025 0.145
0 0.67625 0.04625 0.69625 0.09
0 0.65875 0.02125 0.68125 0.07375
0 0.5875 0.0 0.60625 0.0225
0 0.83 0.0 0.875 0.05125
0 0.77125 0.1575 0.80375 0.21375
0 0.77875 0.215 0.8225 0.26625
0 0.85 0.285 0.8725 0.31875
0 0.8 0.32 0.8175 0.33
0 0.84625 0.34875 0.85625 0.37375
0 0.7775 0.8275 0.795 0.855
0 0.57875 0.79875 0.61375 0.85375
0 0.535 0.8825 0.58625 0.9375
0 0.525 0.9275 0.5425 0.9425
0 0.52625 0.9625 0.54375 0.98125
0 0.55 0.95125 0.56 0.98
0 0.4925 0.625 0.535 0.6675
0 0.5725 0.57875 0.5875 0.615
0 0.51875 0.4175 0.52875 0.445
0 0.525 0.4825 0.57125 0.50875
0 0.57 0.43125 0.625 0.51125
0 0.62625 0.41875 0.645 0.47625
0 0.63375 0.44 0.67875 0.4875
0 0.5825 0.3775 0.6225 0.40875
0 0.57625 0.33 0.58125 0.3425
0 0.57125 0.3 0.58375 0.32
0 0.55125 0.28 0.55875 0.305
0 0.54 0.2875 0.55 0.3075
0 0.53875 0.2775 0.54625 0.28875
0 0.525 0.30375 0.535 0.315
0 0.53875 0.2375 0.54125 0.2625
0 0.495 0.115 0.50125 0.13125
0 0.4925 0.1675 0.50125 0.195
0 0.45125 0.0025 0.49 0.035
0 0.5475 0.0 0.5675 0.02375
0 0.59125 0.09875 0.5975 0.11
0 0.26125 0.7 0.3025 0.745
0 0.23875 0.69375 0.2575 0.7125
0 0.26875 0.93 0.2875 0.96
0 0.4025 0.865 0.41 0.89
0 0.385 0.59 0.40875 0.61
0 0.93875 0.655 0.9575 0.69
0 0.92875 0.56875 0.9625 0.6225
0 0.89625 0.49875 0.965 0.57125
0 0.8975 0.44 0.9175 0.4625
0 0.985 0.45375 1.0 0.46875
0 0.65375 0.3075 0.6675 0.32875
0 0.67 0.29 0.685 0.32
0 0.0575 0.0425 0.09375 0.1025
0 0.08875 0.0175 0.12125 0.09125
0 0.14375 0.065 0.16875 0.11
0 0.23375 0.0 0.28 0.02625
0 0.15 0.805 0.165 0.825
0 0.32 0.97 0.335 0.995
0 0.975 0.25 0.9875 0.2775
0 0.97375 0.03 0.98625 0.05125
