0 0.0025 0.91875 0.0525 0.9475
0 0.04625 0.8825 0.085 0.9275
0 0.14875 0.7475 0.18 0.7775
0 0.1575 0.6725 0.20375 0.71625
0 0.05125 0.5475 0.11375 0.6
0 0.0225 0.61875 0.0475 0.6525
0 0.0575 0.45375 0.0675 0.47875
0 0.22375 0.5225 0.24875 0.55875
0 0.18125 0.58 0.205 0.6025
0 0.31375 0.6625 0.33 0.6875
0 0.36625 0.6125 0.4025 0.65625
0 0.46375 0.53 0.4775 0.5525
0 0.4875 0.4725 0.52625 0.505
0 0.53 0.39875 0.555 0.44125
0 0.41375 0.30125 0.45625 0.365
0 0.31875 0.425 0.38625 0.51125
0 0.32 0.5375 0.35375 0.56875
0 0.485 0.5225 0.52625 0.56625
0 0.61 0.5575 0.62 0.59
0 0.6675 0.5925 0.71125 0.6275
0 0.695 0.64 0.74625 0.7225
0 0.6975 0.74 0.7275 0.80125
0 0.8125 0.83125 0.8225 0.86375
0 0.82625 0.85 0.8425 0.87
0 0.88375 0.87 0.90625 0.9025
0 0.9575 0.7825 0.98375 0.83375
0 0.79125 0.38 0.85875 0.4475
0 0.7875 0.35 0.8125 0.3875
0 0.64 0.4225 0.67125 0.45
0 0.63375 0.3625 0.72 0.4175
0 0.42625 0.21 0.44625 0.25625
0 0.5125 0.20625 0.5275 0.23125
0 0.54625 0.17125 0.56125 0.20625
0 0.57875 0.24125 0.5925 0.2725
0 0.66625 0.17625 0.725 0.26
0 0.67875 0.26125 0.71125 0.3
0 0.69125 0.29 0.72 0.34
0 0.715 0.2525 0.75375 0.3125
0 0.75875 0.21 0.80625 0.3
0 0.76 0.295 0.77875 0.34375
0 0.77875 0.25375 0.84625 0.32875
