0 0.2475 0.49875 0.29 0.56
0 0.335 0.41375 0.38125 0.46
0 0.32625 0.3725 0.34625 0.4125
0 0.3425 0.29 0.37125 0.335
0 0.37125 0.32375 0.405 0.3625
0 0.4075 0.46 0.44125 0.50375
0 0.405 0.5 0.44625 0.545
0 0.37125 0.56 0.42 0.6175
0 0.45125 0.7025 0.505 0.7625
0 0.5975 0.47375 0.67875 0.56125
0 0.6675 0.58625 0.68125 0.6325
0 0.4925 0.37875 0.52125 0.405
0 0.505 0.4025 0.53125 0.43
0 0.63875 0.38125 0.6675 0.43375
0 0.655 0.4025 0.70875 0.4625
0 0.62125 0.025 0.6375 0.09625
0 0.6475 0.02875 0.6675 0.11625
0 0.70125 0.0825 0.7375 0.14875
0 0.70375 0.175 0.71125 0.21875
0 0.725 0.18125 0.73625 0.2075
0 0.7425 0.17125 0.755 0.18125
0 0.85375 0.07125 0.89375 0.14625
0 0.785 0.31 0.825 0.4
0 0.8675 0.1525 0.89125 0.18
0 0.89375 0.15625 0.92 0.205
0 0.8975 0.5125 0.92125 0.55375
0 0.94875 0.09625 0.96625 0.1375
0 0.975 0.075 0.98625 0.12
