0 0.09 0.13875 0.1825 0.2175
0 0.09875 0.00125 0.16 0.055
0 0.21125 0.03875 0.22875 0.07125
0 0.24375 0.0625 0.26 0.09625
0 0.2825 0.07125 0.3025 0.09875
0 0.285 0.015 0.295 0.0475
0 0.37 0.0 0.46625 0.065
0 0.4475 0.08375 0.49625 0.16375
0 0.3825 0.21875 0.42625 0.265
0 0.43375 0.26375 0.4575 0.295
0 0.45625 0.22 0.4725 0.2575
0 0.47625 0.245 0.5025 0.275
0 0.49125 0.2275 0.5225 0.265
0 0.51875 0.275 0.545 0.3025
0 0.19 0.26125 0.2325 0.315
0 0.25375 0.19625 0.295 0.2475
0 0.28625 0.2425 0.3325 0.2725
0 0.44625 0.16 0.47125 0.19625
