0 0.03625 0.3825 0.09125 0.43875
0 0.1525 0.3275 0.19125 0.3875
0 0.13375 0.305 0.14625 0.32375
0 0.115 0.2775 0.1375 0.2975
0 0.14625 0.2275 0.17 0.2725
0 0.15625 0.2675 0.1825 0.29375
0 0.2375 0.27625 0.2625 0.32625
0 0.26875 0.27625 0.27625 0.305
0 0.2875 0.28 0.295 0.31375
0 0.175 0.2 0.20625 0.24
0 0.19375 0.14 0.23 0.1975
0 0.12625 0.18875 0.15125 0.22375
0 0.10625 0.18625 0.12625 0.21875
0 0.0925 0.16625 0.10625 0.2125
0 0.04875 0.20875 0.07375 0.23
0 0.11375 0.11875 0.135 0.1475
0 0.07625 0.1225 0.0975 0.165
0 0.1 0.13375 0.11125 0.16125
0 0.0725 0.085 0.1025 0.1175
0 0.08375 0.0625 0.10375 0.09
0 0.10375 0.065 0.12625 0.11
0 0.4 0.51875 0.41 0.54
0 0.43875 0.5 0.475 0.5275
0 0.41625 0.4575 0.445 0.49875
0 0.40125 0.3875 0.42875 0.425
0 0.395 0.34 0.455 0.39
0 0.44875 0.31875 0.47375 0.36
0 0.6 0.57 0.62125 0.59
0 0.62625 0.3575 0.645 0.39125
0 0.64625 0.37 0.665 0.4275
0 0.66125 0.35375 0.66875 0.37
0 0.66875 0.35 0.675 0.3575
0 0.51625 0.2575 0.5375 0.305
0 0.53625 0.25125 0.54125 0.2875
0 0.55625 0.23625 0.60875 0.29625
0 0.56625 0.1925 0.57375 0.23375
0 0.605 0.20875 0.6125 0.2325
0 0.61375 0.19 0.62 0.22625
0 0.62125 0.205 0.62875 0.22375
0 0.72625 0.26125 0.7375 0.28375
0 0.51125 0.14625 0.5325 0.20125
0 0.45625 0.1825 0.475 0.20375
0 0.5425 0.1275 0.55125 0.1475
0 0.73875 0.3175 0.7675 0.35375
0 0.79875 0.335 0.815 0.365
0 0.785 0.5325 0.8225 0.5625
0 0.73875 0.73 0.78125 0.7725
0 0.57125 0.69 0.58 0.715
0 0.385 0.00125 0.41125 0.0325
0 0.87125 0.165 0.885 0.17375
