0 0.5375 0.86 0.55125 0.88375
0 0.58 0.76875 0.595 0.7925
0 0.41875 0.65625 0.47625 0.71
0 0.33 0.6575 0.3475 0.67125
0 0.35125 0.64125 0.3575 0.6625
0 0.585 0.54875 0.59125 0.57125
0 0.73625 0.5325 0.74875 0.56
0 0.75125 0.5325 0.7875 0.565
0 0.7525 0.69375 0.7825 0.7175
0 0.8 0.67375 0.8325 0.7025
0 0.79125 0.44125 0.82875 0.47125
0 0.74875 0.47625 0.78125 0.50375
0 0.68125 0.47875 0.69375 0.5
0 0.67375 0.455 0.68625 0.47625
0 0.78375 0.33 0.80125 0.365
0 0.8175 0.2875 0.84625 0.32875
0 0.8475 0.2825 0.86125 0.3325
0 0.4575 0.40125 0.49375 0.43
0 0.52 0.365 0.54375 0.38875
0 0.27625 0.435 0.3075 0.4675
0 0.30125 0.42125 0.325 0.45375
0 0.28875 0.3975 0.30875 0.42
0 0.31625 0.4125 0.33125 0.4325
0 0.33125 0.3925 0.3525 0.42
0 0.34375 0.4475 0.38625 0.4725
0 0.31625 0.2275 0.35625 0.2875
0 0.35 0.22 0.36375 0.26
0 0.25625 0.27125 0.27375 0.30125
0 0.30875 0.13375 0.32125 0.16625
0 0.32 0.1575 0.33 0.17375
0 0.45 0.1125 0.48375 0.19
0 0.38875 0.11 0.4275 0.155
0 0.49 0.1825 0.49625 0.20375
0 0.58875 0.29 0.6425 0.33
0 0.66375 0.275 0.6875 0.30625
0 0.6625 0.17875 0.69875 0.225
0 0.70125 0.18625 0.7375 0.23375
0 0.76375 0.13625 0.77875 0.17625
0 0.81 0.2375 0.82125 0.26
0 0.8075 0.20625 0.8175 0.2425
0 0.3575 0.05125 0.38625 0.11
0 0.32875 0.07625 0.35 0.1075
0 0.1075 0.23375 0.1575 0.2875
0 0.1525 0.0525 0.19125 0.1125
0 0.17875 0.0325 0.20625 0.0825
0 0.23 0.065 0.26625 0.11375
0 0.2725 0.06625 0.3 0.10875
0 0.2875 0.14 0.3 0.1675
0 0.45125 0.0625 0.4675 0.10625
0 0.46375 0.00375 0.4825 0.035
0 0.45125 0.25375 0.46625 0.2675
0 0.45875 0.2425 0.47625 0.2625
0 0.47375 0.26375 0.5 0.28375
0 0.4675 0.2125 0.48375 0.2325
0 0.55375 0.4025 0.57625 0.4425
0 0.8525 0.75 0.88875 0.8025
0 0.93 0.75625 0.97875 0.8125
0 0.86125 0.5425 0.9275 0.595
0 0.88125 0.5025 0.94 0.5475
0 0.8875 0.4775 0.93125 0.505
0 0.9525 0.5025 0.98 0.52875
0 0.95 0.4125 1.0 0.46625
0 0.865 0.28 0.89625 0.30125
0 0.89125 0.255 0.92125 0.2775
0 0.9325 0.285 0.95625 0.3025
0 0.945 0.2725 0.985 0.31625
0 0.73375 0.09625 0.78375 0.1325
0 0.79375 0.09 0.8125 0.11625
0 0.82 0.0425 0.83875 0.075
0 0.87375 0.065 0.89875 0.0925
0 0.89625 0.035 0.93125 0.075
0 0.91625 0.11625 0.95 0.1525
0 0.95125 0.1325 0.9825 0.17375
0 0.95625 0.0825 0.98125 0.1325
0 0.67375 0.365 0.68125 0.38
0 0.22125 0.28 0.26 0.3375
