0 0.28375 0.98 0.29625 1.0
0 0.23625 0.85 0.2775 0.91875
0 0.26125 0.45125 0.27625 0.4675
0 0.41625 0.40375 0.45875 0.44875
0 0.46 0.405 0.4825 0.445
0 0.48375 0.41625 0.5025 0.4525
0 0.48 0.38375 0.505 0.41875
0 0.4225 0.3575 0.44375 0.395
0 0.4475 0.35 0.48 0.385
0 0.43375 0.08 0.445 0.10875
0 0.47375 0.0525 0.53 0.1375
0 0.11375 0.12375 0.15125 0.1725
0 0.13375 0.1825 0.16375 0.21625
0 0.19875 0.1525 0.21125 0.17375
0 0.6125 0.44125 0.66875 0.5125
0 0.62125 0.57125 0.66125 0.6075
0 0.85625 0.25 0.9025 0.31
0 0.93125 0.33875 0.94375 0.35375
0 0.64875 0.41 0.66875 0.435
0 0.67625 0.39 0.7 0.44125
