0 0.3 0.7675 0.34 0.8225
0 0.34625 0.7425 0.36375 0.7775
0 0.4475 0.7675 0.49875 0.8375
0 0.5475 0.69375 0.585 0.72875
0 0.50875 0.64125 0.52 0.6575
0 0.545 0.66375 0.55 0.6725
0 0.48625 0.6075 0.50875 0.6275
0 0.52125 0.58875 0.55375 0.61375
0 0.51375 0.5425 0.5375 0.5775
0 0.5375 0.5025 0.565 0.54375
0 0.485 0.49625 0.51125 0.53375
0 0.46625 0.4925 0.48625 0.5225
0 0.45125 0.47625 0.46625 0.51625
0 0.41875 0.5325 0.44 0.5475
0 0.64875 0.58625 0.655 0.61375
0 0.66375 0.595 0.67625 0.62
0 0.6125 0.5975 0.62 0.6125
0 0.55625 0.4325 0.58875 0.47
0 0.43375 0.43625 0.4525 0.46
0 0.45875 0.43875 0.465 0.45
0 0.46875 0.4575 0.47875 0.475
0 0.46875 0.4175 0.48625 0.44
0 0.2925 0.3975 0.315 0.415
0 0.30375 0.4075 0.32 0.4425
0 0.21375 0.4225 0.2275 0.44125
0 0.2175 0.385 0.26 0.4275
0 0.425 0.38125 0.44 0.405
0 0.43625 0.3575 0.4525 0.415
0 0.45375 0.3575 0.48 0.3975
0 0.43125 0.305 0.45375 0.3475
0 0.44375 0.28375 0.4725 0.3275
0 0.46875 0.2725 0.49 0.30375
0 0.42625 0.23625 0.435 0.25625
0 0.34875 0.23125 0.3675 0.26
0 0.34375 0.275 0.35 0.3125
0 0.3275 0.24 0.34125 0.27
0 0.24125 0.27625 0.2625 0.3025
0 0.2275 0.23125 0.25375 0.265
0 0.4025 0.2175 0.40875 0.24125
0 0.47 0.17625 0.48875 0.2025
0 0.4575 0.16125 0.4725 0.185
0 0.4025 0.14 0.42625 0.17875
0 0.25375 0.1675 0.27 0.1975
0 0.22875 0.0975 0.24375 0.12875
0 0.24875 0.06 0.26375 0.11
0 0.27125 0.0725 0.28375 0.1025
0 0.26375 0.1125 0.31 0.175
0 0.29 0.1 0.2975 0.11875
0 0.31125 0.10375 0.345 0.1625
0 0.3375 0.0925 0.38375 0.1325
0 0.36875 0.07875 0.37625 0.0925
0 0.37 0.065 0.38 0.0825
0 0.16125 0.05875 0.18375 0.09
0 0.71875 0.21 0.74875 0.23625
0 0.83 0.1725 0.835 0.195
0 0.8375 0.18625 0.8425 0.1975
0 0.80875 0.18375 0.815 0.2025
0 0.795 0.055 0.81625 0.1025
0 0.7475 0.01 0.77125 0.07
0 0.78 0.02125 0.7975 0.0675
0 0.77125 0.00375 0.78 0.02
0 0.6 0.13375 0.61 0.15
0 0.5675 0.125 0.595 0.1475
0 0.91375 0.37375 0.9525 0.445
0 0.94 0.335 0.96 0.36375
0 0.8275 0.67375 0.90125 0.725
0 0.835 0.74375 0.88625 0.78875
0 0.8975 0.88125 0.93875 0.9125
0 0.8975 0.645 0.93125 0.68125
0 0.95625 0.525 1.0 0.585
0 0.13 0.71 0.155 0.72875
0 0.09625 0.53125 0.1225 0.565
0 0.24 0.62125 0.25625 0.645
0 0.06125 0.2275 0.095 0.275
0 0.03375 0.1275 0.0775 0.19375
