0 0.4125 0.37625 0.4875 0.45
0 0.48125 0.3975 0.5 0.45875
0 0.50125 0.4075 0.51875 0.4375
0 0.41625 0.22 0.45125 0.28
0 0.41875 0.29375 0.4325 0.335
0 0.50875 0.2575 0.55 0.33375
0 0.64625 0.44 0.68 0.4775
0 0.61 0.4625 0.62 0.4775
0 0.62125 0.4525 0.62875 0.47
0 0.75375 0.45375 0.81625 0.50625
0 0.75875 0.5025 0.82375 0.555
0 0.63625 0.3075 0.6475 0.32
0 0.6425 0.29 0.66625 0.3075
0 0.71 0.1275 0.75125 0.2125
0 0.82375 0.3775 0.86625 0.44375
0 0.48 0.805 0.5125 0.855
0 0.495 0.89 0.565 0.93875
