0 0.33875 0.82375 0.38375 0.8925
0 0.3775 0.81375 0.4175 0.8575
0 0.38875 0.7875 0.39875 0.8125
0 0.4075 0.75 0.43625 0.815
0 0.4225 0.68625 0.4375 0.7175
0 0.405 0.70375 0.41875 0.72875
0 0.39125 0.6975 0.39875 0.72
0 0.37625 0.7125 0.39 0.7425
0 0.36875 0.7025 0.38 0.73
0 0.37375 0.6675 0.38 0.69125
0 0.3825 0.66875 0.39 0.69125
0 0.31375 0.695 0.34125 0.73625
0 0.3475 0.71125 0.3575 0.72875
0 0.35875 0.71125 0.36375 0.72
0 0.26625 0.6875 0.2725 0.705
0 0.275 0.67375 0.30625 0.74
0 0.2275 0.77875 0.2525 0.83375
0 0.42125 0.28875 0.45375 0.3375
0 0.41125 0.3475 0.43375 0.38375
0 0.435 0.35 0.43875 0.365
0 0.36125 0.39 0.40625 0.4275
0 0.39125 0.4225 0.405 0.4375
0 0.4425 0.39 0.4675 0.4225
0 0.4975 0.4325 0.51125 0.44875
0 0.49 0.45125 0.495 0.4725
0 0.4975 0.45375 0.5 0.47
0 0.50125 0.4525 0.505 0.465
0 0.50375 0.4525 0.50875 0.465
0 0.51375 0.45875 0.5175 0.46875
0 0.5175 0.43875 0.52 0.45
0 0.52625 0.4425 0.53125 0.45625
0 0.50125 0.4875 0.5075 0.5075
0 0.51 0.48 0.52125 0.5025
0 0.52875 0.4625 0.5475 0.4875
0 0.5475 0.48 0.555 0.4975
0 0.555 0.435 0.58875 0.47875
0 0.58125 0.4575 0.62375 0.53375
0 0.545 0.5125 0.6 0.53875
0 0.49875 0.5175 0.51875 0.54
0 0.51875 0.4975 0.52875 0.515
0 0.43 0.4925 0.435 0.5125
0 0.43375 0.50375 0.4425 0.51625
0 0.43625 0.48625 0.44125 0.4975
0 0.4075 0.46 0.42125 0.47
0 0.39875 0.4725 0.40875 0.48625
0 0.475 0.53375 0.48125 0.545
0 0.49 0.54875 0.4925 0.56625
0 0.415 0.57125 0.45125 0.61375
0 0.425 0.5575 0.43375 0.57625
0 0.4325 0.53 0.44625 0.57
0 0.4475 0.525 0.46 0.555
0 0.4575 0.56375 0.46875 0.5825
0 0.47625 0.6075 0.48375 0.62
0 0.385 0.53625 0.415 0.555
0 0.40125 0.5225 0.4125 0.55125
0 0.37125 0.54125 0.3925 0.5575
0 0.35375 0.55125 0.37125 0.5675
0 0.37 0.51875 0.38125 0.5375
0 0.3725 0.505 0.3825 0.5175
0 0.3625 0.49875 0.37125 0.51125
0 0.32875 0.49625 0.35125 0.53125
0 0.35125 0.50375 0.35625 0.515
0 0.315 0.51 0.32875 0.5425
0 0.4875 0.36625 0.50625 0.39
0 0.49125 0.34375 0.4975 0.3525
0 0.5 0.34 0.50375 0.3525
0 0.50375 0.33875 0.5075 0.35
0 0.50625 0.33125 0.5125 0.345
0 0.5025 0.3525 0.5125 0.365
0 0.51125 0.3375 0.52875 0.36
0 0.52875 0.3325 0.53625 0.3475
0 0.555 0.3375 0.565 0.35125
0 0.53875 0.38375 0.54375 0.4
0 0.54125 0.365 0.56 0.4025
0 0.5625 0.3675 0.57375 0.4
0 0.5725 0.38125 0.58 0.40125
0 0.3825 0.2425 0.3875 0.25375
0 0.45625 0.61125 0.47 0.64875
0 0.4575 0.64625 0.48625 0.67
0 0.47 0.6225 0.49 0.655
0 0.48875 0.6325 0.50625 0.65375
0 0.50625 0.6175 0.51125 0.63875
0 0.50625 0.63875 0.51375 0.6475
0 0.52625 0.7275 0.535 0.7425
0 0.47375 0.82 0.4875 0.85
0 0.3225 0.7675 0.33 0.825
0 0.33 0.78875 0.34625 0.825
0 0.24125 0.65375 0.25375 0.66625
0 0.25125 0.6925 0.265 0.7075
0 0.21 0.71 0.22 0.725
0 0.3275 0.65625 0.34 0.7025
0 0.33 0.60375 0.33625 0.615
0 0.53625 0.54625 0.55875 0.57125
0 0.55625 0.53625 0.5725 0.5825
0 0.5725 0.5375 0.60125 0.57
