0 0.46625 0.2475 0.48 0.28875
0 0.47 0.32875 0.48625 0.37375
0 0.535 0.30625 0.54875 0.325
0 0.505 0.34625 0.5275 0.41
0 0.53625 0.34125 0.545 0.3575
0 0.355 0.34625 0.395 0.3925
0 0.3125 0.355 0.32375 0.38625
0 0.29375 0.395 0.3075 0.42
0 0.3025 0.38 0.32 0.41
0 0.2875 0.42375 0.30125 0.45
0 0.24875 0.5075 0.27875 0.54375
0 0.2925 0.47875 0.30625 0.49875
0 0.32875 0.50375 0.3375 0.5275
0 0.3425 0.4975 0.35375 0.5175
0 0.35875 0.47625 0.3775 0.525
0 0.3875 0.47 0.3925 0.48625
0 0.39375 0.5025 0.39625 0.515
0 0.33125 0.5325 0.36625 0.575
0 0.3775 0.5225 0.3975 0.575
0 0.43 0.37875 0.44375 0.41375
0 0.4325 0.41 0.45625 0.43875
0 0.45375 0.41875 0.47375 0.46375
0 0.425 0.4725 0.4425 0.5025
0 0.56875 0.3325 0.57625 0.35875
0 0.52 0.59625 0.52625 0.615
0 0.525 0.72125 0.5675 0.7975
0 0.52375 0.8325 0.565 0.87875
0 0.43375 0.7225 0.45625 0.77875
0 0.47125 0.66625 0.48875 0.70375
0 0.43625 0.63625 0.44875 0.675
0 0.41 0.68125 0.42 0.70125
0 0.365 0.665 0.3975 0.69625
0 0.32625 0.725 0.35125 0.75125
0 0.35375 0.76125 0.385 0.82625
0 0.235 0.78375 0.27625 0.855
0 0.275 0.81 0.32625 0.8575
0 0.33 0.8175 0.33625 0.8425
0 0.49375 0.95875 0.51125 0.9875
0 0.43375 0.935 0.445 0.99125
0 0.44625 0.89375 0.455 0.9225
0 0.52125 0.41625 0.5475 0.4675
0 0.5275 0.4775 0.54 0.5
0 0.4925 0.48125 0.4975 0.495
0 0.48125 0.52375 0.48875 0.5425
0 0.4975 0.515 0.50375 0.535
0 0.535 0.50875 0.5625 0.57
0 0.575 0.51375 0.59 0.5475
0 0.915 0.46625 0.95875 0.53375
0 0.72375 0.5375 0.77375 0.57
0 0.66125 0.5225 0.66625 0.5325
0 0.615 0.615 0.63875 0.65125
0 0.6375 0.61125 0.67625 0.6425
0 0.6275 0.6525 0.65875 0.7025
0 0.66 0.6475 0.68625 0.6725
0 0.69375 0.6075 0.71 0.6425
0 0.695 0.635 0.725 0.67875
0 0.71 0.69125 0.735 0.7175
0 0.61125 0.74875 0.63625 0.76625
0 0.6225 0.765 0.64375 0.79
0 0.59 0.70375 0.61125 0.7225
0 0.635 0.825 0.6575 0.875
0 0.645 0.8725 0.6675 0.89
0 0.655 0.90125 0.665 0.92
0 0.67375 0.92125 0.68875 0.94
0 0.68125 0.8575 0.69875 0.88
0 0.65875 0.82125 0.68625 0.86375
0 0.76 0.79 0.77625 0.81375
0 0.79125 0.78875 0.81625 0.81625
0 0.765 0.83125 0.78125 0.85
0 0.79 0.825 0.81125 0.87375
0 0.80875 0.845 0.86875 0.8725
0 0.85625 0.8325 0.9125 0.8675
0 0.82625 0.805 0.85125 0.825
0 0.805 0.8925 0.85375 0.925
0 0.82125 0.93 0.85 0.94625
0 0.8 0.87 0.835 0.88875
0 0.91625 0.87875 0.99 0.91875
0 0.94625 0.865 0.9875 0.87875
0 0.9525 0.915 0.98625 0.9325
0 0.31125 0.76125 0.32125 0.78
0 0.46125 0.5775 0.46625 0.5975
0 0.4175 0.555 0.45375 0.6125
