0 0.47 0.39 0.51375 0.48625
0 0.24625 0.3775 0.27125 0.42375
0 0.265 0.3925 0.295 0.41
0 0.17 0.4825 0.2 0.49125
0 0.2075 0.53375 0.22625 0.545
0 0.2075 0.515 0.22625 0.53125
0 0.22 0.50375 0.22875 0.51625
0 0.27625 0.5075 0.28625 0.5275
0 0.2625 0.57 0.28875 0.66375
0 0.25125 0.61 0.2725 0.62625
0 0.285 0.5825 0.30625 0.6
0 0.28875 0.565 0.305 0.5825
0 0.295 0.51 0.32125 0.57
0 0.325 0.52 0.34875 0.5325
0 0.33375 0.4975 0.35125 0.515
0 0.35 0.475 0.37 0.5075
0 0.39 0.6525 0.40125 0.69
0 0.3625 0.6875 0.37625 0.71125
0 0.34875 0.7725 0.37375 0.8
0 0.345 0.8825 0.38 0.94
0 0.39375 0.91375 0.41125 0.9975
0 0.4125 0.93 0.42 0.9775
0 0.42 0.9525 0.4325 0.9775
0 0.38375 0.93875 0.39375 0.975
0 0.44375 0.87875 0.47625 0.9425
