0 0.11625 0.8625 0.1525 0.92625
0 0.1525 0.8825 0.175 0.92875
0 0.22125 0.96 0.2425 0.99875
0 0.255 0.93125 0.26875 0.9725
0 0.27 0.9425 0.28125 0.975
0 0.2825 0.8975 0.30125 0.9425
0 0.30375 0.895 0.325 0.975
0 0.315 0.84375 0.3375 0.895
0 0.3275 0.80125 0.3425 0.8275
0 0.36875 0.8375 0.41 0.9075
0 0.35625 0.895 0.395 0.9375
0 0.395 0.92875 0.4125 0.9875
0 0.40875 0.885 0.43625 0.93375
0 0.44 0.8825 0.4675 0.93
0 0.3325 0.7125 0.34125 0.74
0 0.46375 0.48 0.4775 0.50125
0 0.44125 0.51125 0.45 0.525
0 0.455 0.55875 0.4625 0.58625
0 0.385 0.64125 0.39125 0.655
0 0.17375 0.72875 0.21875 0.8025
0 0.355 0.5725 0.37625 0.61375
0 0.41 0.5525 0.42625 0.57875
0 0.405 0.52625 0.42 0.54625
0 0.44 0.495 0.445 0.50625
0 0.425 0.5075 0.42875 0.5225
0 0.32 0.585 0.33125 0.6125
0 0.12625 0.93375 0.2075 1.0
